The values inside the EEPROM are : 
1 0 0 
2 0 0 
3 0 0 
4 2 0 
5 3 0 
6 4 0 
7 4 0 
8 4 0 
9 4 0 
10 4 0 
11 4 0 
12 4 0 
13 4 0 
14 4 0 
15 5 0 
16 5 0 
17 5 0 
18 5 0 
19 5 0 
20 5 0 
21 5 0 
22 5 0 
23 5 0 
24 5 0 
25 5 0 
26 5 0 
27 5 0 
28 5 0 
29 5 0 
30 6 0 
31 6 0 
32 6 0 
33 6 0 
34 6 0 
35 6 0 
36 6 0 
37 6 0 
38 6 0 
39 6 0 
40 6 0 
41 6 0 
42 6 0 
43 6 0 
44 6 0 
45 6 0 
46 6 0 
47 6 0 
48 6 0 
49 7 0 
50 7 0 
51 7 0 
52 7 0 
53 7 0 
54 7 0 
55 7 0 
56 7 0 
57 7 0 
58 7 0 
59 7 0 
60 8 0 
61 8 0 
62 8 0 
63 8 0 
64 8 0 
65 8 0 
66 8 0 
67 8 0 
68 8 0 
69 9 0 
70 9 0 
71 9 0 
72 9 0 
73 9 0 
74 9 0 
75 9 0 
76 9 0 
77 11 0 
78 11 0 
79 11 0 
80 11 0 
81 11 0 
82 11 0 
83 11 0 
84 12 0 
85 12 0 
86 12 0 
87 12 0 
88 12 0 
89 12 0 
90 13 0 
91 14 0 
92 14 0 
93 14 0 
94 14 0 
95 14 0
96 15 0 
97 19 0 
98 19 0 
99 19 0 
100 19 0 
101 19 0 
102 20 0 
103 20 0 
104 20 0 
105 20 0 
106 20 0 
107 20 0 
108 20 0 
109 20 0 
110 20 0 
111 20 0 
112 21 0 
113 21 0 
114 22 0 
115 22 0 
116 22 0 
117 22 0 
118 22 0 
119 22 0 
120 22 0 
121 22 0 
122 22 0 
123 22 0 
124 22 0 
125 22 0 
126 22 0 
127 23 0 
128 23 0 
129 23 0 
130 25 0 
131 26 0 
132 26 0 
133 26 0 
134 26 0 
135 28 0 
136 28 0 
137 31 0 
138 31 0 
139 31 0 
140 31 0 