The values inside the EEPROM are : 
	  46 0 236 86 
38 12 51 0 236 87 
38 12 46 0 236 88 
38 12 51 0 236 89 
38 12 49 0 236 90 
38 12 50 0 236 91 
38 12 50 0 236 92 
38 12 51 0 236 93 
38 12 47 0 236 94 
38 12 52 0 236 95 
38 12 52 0 236 96 
38 12 46 0 235 97 
39 11 47 0 246 183 
38 16 44 0 245 184 
38 16 47 0 245 185 
38 16 42 0 245 186 
38 16 45 0 245 187 
38 16 42 0 245 188 
38 16 47 0 245 189 
38 16 47 0 245 190 
38 16 41 0 244 191 
38 16 47 0 244 192 
38 16 42 0 244 193 
38 16 42 0 244 194 
38 16 48 0 244 195 
38 16 42 0 244 196 
38 16 45 0 244 197 
38 16 44 0 244 198 
38 15 48 0 244 199 
38 15 42 0 244 200 
38 15 45 0 244 201 
38 15 42 0 244 202 
38 15 45 0 244 203 
38 15 48 0 244 204 
38 15 45 0 243 205 
38 15 43 0 243 206
38 15 47 0 243 207 
38 15 48 0 243 208 
38 15 43 0 243 209 
38 15 42 0 243 210 
38 15 48 0 243 211 
38 15 43 0 243 212 
38 15 47 0 243 213 
39 14 47 0 243 214 
39 14 42 0 243 215 
39 14 45 0 243 216 
38 15 49 0 243 217 
38 15 43 0 243 218 
38 15 47 0 243 219 
38 15 46 0 243 220 
38 15 43 0 243 221 
38 15 49 0 242 222 
38 15 49 0 242 223 
38 15 44 0 242 224 
38 15 47 0 242 225 
38 15 43 0 242 226 
38 15 46 0 242 227 
38 15 43 0 242 228 
37 15 44 0 242 229 
37 15 49 0 242 230 
37 15 49 0 242 231 
37 15 43 0 242 232 
38 15 47 0 242 233 
38 15 49 0 242 234 
38 15 49 0 242 235 
38 15 49 0 242 236 
38 15 48 0 242 237 
38 14 45 0 242 238 
38 14 44 0 242 239 
38 14 49 0 241 240 
38 15 44 0 241 241 
38 14 50 0 241 242 
38 14 49 0 241 243 
38 14 43 0 241 244 
38 14 46 0 241 245 
38 14 43 0 241 246 
38 14 49 0 241 247 
38 14 44 0 241 248 
38 14 49 0 241 249 
38 14 47 0 241 250 
38 14 47 0 240 251 
38 14 45 0 240 252 
38 14 44 0 240 253 
38 14 47 0 240 254 
38 14 49 0 240 255 
38 14 44 0 240 0 
38 14 50 0 240 1 
38 14 45 0 240 2 
38 14 45 0 240 3 
38 14 45 0 240 4 
38 14 50 0 240 5 
38 14 44 0 240 6 
38 14 45 0 240 7 
38 14 45 0 240 8 
38 14 49 0 240 9 
38 14 49 0 239 10 
38 14 45 0 239 11 
38 14 44 0 239 12 
38 14 48 0 239 13 
38 14 50 0 239 14 
38 14 50 0 239 15 
38 14 51 0 239 16 
38 14 46 0 239 17 
38 14 50 0 239 18 
38 14 51 0 239 19 
38 14 48 0 239 20 
38 14 47 0 239 21 
38 14 50 0 239 22 
38 14 48 0 239 23 
38 14 48 0 239 24 
38 14 51 0 239 25 
38 14 50 0 239 26 
38 14 46 0 239 27 
38 14 45 0 239 28
38 14 50 0 239 29 
38 14 45 0 239 30 
38 14 51 0 239 31 
38 13 46 0 239 32 
38 14 46 0 239 33 
38 14 51 0 239 34 
38 13 50 0 239 35 
38 14 51 0 239 36 
38 13 49 0 239 37 
38 13 49 0 239 38 
38 13 45 0 238 39 
38 13 45 0 238 40 
38 13 51 0 238 41 
38 13 49 0 238 42 
38 13 48 0 238 43 
39 12 45 0 238 44 
39 12 45 0 238 45 
39 12 51 0 238 46 
39 12 50 0 238 47 
39 12 45 0 238 48 
39 11 51 0 238 49 
39 12 45 0 238 50 
39 12 51 0 238 51 
39 12 51 0 238 52 
39 12 48 0 238 53 
39 12 47 0 238 54 
39 12 46 0 238 55 
39 12 51 0 238 56 
39 12 45 0 238 57 
39 12 46 0 238 58 
39 12 46 0 238 59 
39 12 45 0 238 60 
39 11 45 0 238 61 
39 11 46 0 238 62 
39 11 49 0 238 63 
39 11 46 0 237 64 
39 11 45 0 237 65 
39 11 49 0 237 66 
39 11 45 0 237 67 
39 11 46 0 237 68 
39 11 50 0 237 69 
39 11 51 0 237 70 
39 11 45 0 237 71 
39 11 46 0 237 72 
39 11 51 0 237 73 
39 11 46 0 237 74 
39 11 51 0 237 75 
39 11 45 0 237 76 
39 11 51 0 237 77 
39 11 46 0 237 78 
39 11 51 0 237 79 
39 11 47 0 236 80 
39 11 47 0 236 81
39 11 46 0 236 82 
39 11 47 0 236 83 
39 11 47 0 236 84 
39 11 46 0 236 85 