1 0 0 
2 0 0 
3 0 0 
4 0 0 
5 0 0 
6 0 0 
7 0 0 
8 0 0 
9 0 0 
10 0 0 
11 0 0 
12 0 0 
13 0 0 
14 0 0 
15 0 0 
16 1 0 
17 1 0 
18 1 0 
19 1 0 
20 1 0 
21 1 0 
22 1 0 
23 1 0 
24 1 0 
25 2 0 
26 3 0 
27 3 0 
28 3 0 
29 3 0 
30 4 0 
31 4 0 
32 5 0 
33 5 0 
34 5 0 
35 6 0 
36 6 0 
37 6 0 
38 6 0 
39 7 0 
40 7 0 
41 7 0 
42 7 0 
43 7 0 
44 7 0 
45 7 0 
46 7 0 
47 7 0 
48 7 0 
49 7 0 
50 7 0 
51 7 0 
52 7 0 
53 7 0 
54 7 0 
55 7 0 
56 7 0 
57 7 0 
58 7 0 
59 8 0 
60 8 0 
61 8 0 
62 8 0 
63 8 0 
64 8 0 
65 8 0 
66 8 0 
67 8 0 
68 8 0 
69 8 0 
70 8 0 
71 8 0 
72 8 0 
73 9 0 
74 9 0 
75 9 0 
76 9 0 
77 9 0 
78 9 0 
79 9 0 
80 9 0 
81 9 0 
82 9 0 
83 9 0 
84 9 0 
85 9 0 
86 9 0 
87 9 0 
88 9 0 
89 9 0 
90 9 0 
91 9 0 
92 9 0 
93 9 0 
94 9 0 
95 9 0 
96 9 0 
97 9 0 
98 9 0 
99 9 0 
100 9 0 
101 9 0 
102 9 0 
103 9 0 
104 9 0 
105 9 0 
106 9 0 
107 10 0 
108 10 0 
109 10 0 
110 10 0 
111 10 0 
112 10 0 
113 10 0 
114 10 0 
115 10 0 
116 11 0 
117 11 0 
118 11 0 
119 11 0 
120 11 0 
121 11 0 
122 11 0 
123 11 0 
124 11 0 
125 11 0 
126 11 0 
127 11 0 
128 11 0 
129 11 0 
130 11 0 
131 11 0 
132 11 0 
133 11 0 
134 11 0 
135 11 0 
136 11 0 
137 11 0 
138 11 0 
139 11 0 
140 11 0 
141 11 0 
142 11 0 
143 11 0 
144 12 0 
145 12 0 
146 12 0 
147 12 0 
148 12 0 
149 12 0 
150 12 0 
151 12 0 
152 12 0 
153 12 0 
154 12 0 
155 12 0 
156 12 0 
157 12 0 
158 12 0 
159 12 0 
160 12 0 
161 12 0 
162 12 0 
163 12 0 

14:26:32.727 -> Server started
