      48 0 191 86 
41 13 49 0 190 87 
      50 0 207 173 
38 12 50 0 207 174 
38 12 50 0 207 175 
38 12 50 0 207 176 
41 16 50 0 207 177 
38 12 50 0 207 178 
40 17 50 0 207 179 
38 12 50 0 207 180 
38 12 50 0 207 181 
38 12 50 0 203 182 
38 12 50 0 206 183 
41 16 50 0 207 184 
41 16 50 0 207 185 
41 16 50 0 207 186 
41 16 50 0 207 187 
41 16 50 0 207 188 
39 11 50 0 207 189 
39 11 50 0 207 190 
41 16 50 0 207 191 
41 16 50 0 207 192 
41 16 50 0 207 193 
39 11 50 0 207 194 
41 16 50 0 207 195 
39 11 50 0 207 196 
39 11 50 0 207 197 
39 11 50 0 207 198 
41 16 50 0 207 199 
41 16 50 0 207 200 
39 11 50 0 207 201 
41 16 50 0 207 202 
41 16 50 0 207 203 
39 11 50 0 207 204 
41 16 50 0 207 205 
41 16 50 0 207 206 
41 16 50 0 207 207 
41 16 50 0 207 208 
41 16 50 0 207 209 
41 16 51 0 207 210 
41 16 50 0 207 211 
41 16 51 0 207 212 
41 16 51 0 207 213 
41 16 51 0 207 214 
41 16 51 0 207 215 
41 16 51 0 207 216 
41 16 51 0 207 217 
41 16 51 0 207 218 
41 16 51 0 207 219 
41 16 51 0 207 220 
41 16 51 0 207 221 
41 16 51 0 207 222 
41 16 51 0 207 223 
41 16 51 0 207 224 
41 16 51 0 207 225 
41 15 51 0 207 226 
41 16 51 0 207 227 
41 16 51 0 206 228 
41 16 51 0 207 229 
41 15 51 0 207 230 
41 16 51 0 206 231 
41 16 51 0 207 232 
41 16 51 0 207 233 
41 15 51 0 207 234 
41 15 51 0 207 235 
41 16 51 0 207 236 
41 16 51 0 207 237 
41 15 51 0 207 238 
41 15 51 0 207 239 
41 15 51 0 207 240 
41 15 51 0 207 241 
41 15 51 0 207 242 
41 15 51 0 207 243 
41 15 53 0 201 244 
41 15 48 0 201 245 
41 15 48 0 201 246 
41 15 53 0 201 247 
41 15 48 0 201 248 
41 15 51 0 201 249 
41 15 49 0 200 250 
41 15 46 0 200 251 
41 15 52 0 200 252 
41 15 50 0 200 253 
41 15 53 0 200 254 
41 15 46 0 200 255 
41 15 53 0 200 0 
41 15 50 0 200 1 
41 15 53 0 200 2 
41 15 53 0 200 3 
41 15 46 0 200 4 
41 15 53 0 200 5 
41 15 48 0 200 6 
41 15 47 0 200 7 
41 15 48 0 200 8 
41 15 47 0 200 9 
41 15 46 0 200 10 
41 15 53 0 200 11 
41 15 53 0 200 12 
41 15 53 0 200 13 
41 15 46 0 200 14 
41 15 47 0 200 15 
41 15 47 0 200 16 
41 15 49 0 200 17 
41 15 54 0 200 18 
41 15 49 0 200 19 
41 15 47 0 200 20 
41 15 47 0 200 21 
41 15 48 0 200 22 
41 15 46 0 200 23 
41 14 48 0 199 24 
41 15 46 0 199 25 
41 15 54 0 199 26 
41 14 53 0 199 27 
41 14 50 0 199 28 
41 14 46 0 199 29 
41 14 48 0 199 30 
41 14 54 0 199 31 
41 14 46 0 199 32 
41 14 53 0 199 33 
41 14 47 0 199 34 
41 13 53 0 199 35 
41 14 54 0 199 36 
41 14 54 0 199 37 
41 13 46 0 199 38 
41 14 46 0 199 39 
41 14 50 0 199 40 
41 14 48 0 199 41 
41 14 46 0 199 42 
41 13 53 0 199 43 
41 14 47 0 199 44 
41 13 54 0 198 45 
41 13 48 0 198 46 
41 13 48 0 198 47 
41 13 54 0 198 48 
41 13 47 0 198 49 
41 13 48 0 198 50 
41 13 54 0 198 51 
41 13 53 0 198 52 
41 13 54 0 198 53 
41 13 48 0 198 54 
41 13 54 0 198 55 
41 13 51 0 198 56 
41 13 48 0 198 57 
41 13 48 0 198 58 
41 13 54 0 198 59 
41 13 51 0 198 60 
41 13 47 0 198 61 
41 13 52 0 198 62 
41 13 48 0 198 63 
41 13 47 0 198 64 
41 13 47 0 198 65 
41 13 47 0 198 66 
41 13 54 0 198 67 
41 13 54 0 198 68 
41 13 54 0 198 69 
41 13 47 0 198 70 
41 13 48 0 198 71 
41 13 47 0 198 72 
41 13 48 0 198 73 
41 13 50 0 198 74 
41 13 54 0 198 75 
41 13 48 0 197 76 
41 13 53 0 197 77 
41 13 49 0 197 78 
41 13 53 0 197 79 
41 13 51 0 198 80 
41 13 48 0 197 81 
41 13 50 0 194 82 
41 13 50 0 193 83 
41 13 52 0 190 84 
41 13 52 0 184 85 
41 10  

14:28:00.507 -> Client started
