LoRa Sender
The values inside the EEPROM are : 
17 35 67 103 55 102 52 
1 41 13 34 70 102 52 
2 41 16 34 70 102 52 
3 41 16 33 66 102 54 4 41 16 34 69 102 53 5 41 16 34 68 102 54 6 41 16 39 69 102 53 7 41 16 41 69 102 53 8 41 16 41 69 102 53 9 42 16 35 70 102 52 10 42 16 35 71 102 52 11 42 16 34 70 102 52 12 42 16 37 70 102 52 13 42 16 39 70 102 52 14 42 16 41 70 102 53 15 42 16 39 70 102 53 16 42 16 36 70 102 53 17 42 16 40 70 102 53 18 42 16 38 70 102 53 19 42 16 40 70 102 53 20 42 16 37 70 102 53 21 42 16 41 70 102 53 22 42 16 41 70 102 53 23 42 16 41 70 102 53 24 42 16 34 70 102 53 25 42 16 35 70 102 53 26 42 16 34 70 102 53 27 42 16 35 70 102 53 28 42 16 39 70 102 53 29 42 16 42 70 102 53 30 42 16 42 70 102 53 31 42 16 41 70 102 53 32 42 16 34 70 102 53 33 42 16 41 70 102 53 34 42 16 40 70 102 53 35 42 16 39 70 102 53 36 42 16 41 70 102 53 37 42 16 40 70 102 53 38 42 16 40 70 102 53 39 42 16 37 70 102 53 40 42 16 37 70 102 53 41 42 16 35 70 102 53 42 42 16 36 70 103 53 43 42 16 34 70 102 53 44 42 16 35 70 102 53 45 42 16 42 70 102 53 46 42 16 39 70 102 53 47 42 16 41 70 102 53 48 42 16 39 70 102 53 49 42 16 40 70 104 54 50 42 16 37 70 102 54 51 42 16 40 70 102 53 52 42 16 38 70 102 53 53 42 16 41 70 102 53 54 42 16 38 70 102 54 55 42 16 37 70 102 53 56 42 16 36 70 102 53 57 42 16 41 70 102 53 58 42 16 35 70 102 53 59 42 16 41 70 102 53 60 42 16 37 70 102 53 61 42 16 36 70 102 53 62 42 16 36 70 102 53 63 42 16 42 70 102 53 64 42 16 35 70 102 53 65 42 16 42 70 102 53 66 42 16 39 70 102 53 67 42 16 42 70 102 53 68 42 16 41 70 102 53 69 42 16 40 70 102 54 70 42 16 36 70 102 53 71 42 17 42 70 102 53 72 42 16 40 70 102 54 73 42 16 42 68 102 54 74 42 17 34 67 102 55 75 42 16 42 67 102 55 76 42 16 39 68 102 54 77 42 16 40 68 102 55 78 42 16 36 68 102 54 79 42 17 35 68 102 54 80 42 16 42 68 102 54 81 42 16 37 68 102 54 82 42 16 39 68 102 54 83 42 16 35 68 102 54 84 42 16 42 68 102 54 85 42 17 35 68 102 54 86 42 17 40 68 102 54 87 42 17 42 68 102 54 88 42 17 35 68 102 54 89 42 16 35 68 102 54 90 42 17 39 68 102 54 91 42 17 38 68 102 54 92 42 16 40 68 102 54 93 42 17 36 68 102 54 94 42 16 36 68 102 54 95 42 16 36 68 102 54 96 42 16 39 68 102 54 97 42 16 41 68 102 54 98 42 17 35 68 102 54 99 42 17 41 68 102 54 100 42 16 39 68 102 54 101 42 16 41 68 102 54 102 42 16 36 68 102 54 103 42 17 40 68 102 54 104 42 17 37 68 102 54 105 42 17 42 68 102 54 106 42 17 42 68 102 54 107 42 16 41 68 102 54 108 42 16 42 69 102 54 109 42 17 35 69 102 54 110 42 17 35 69 102 54 111 42 17 36 69 102 54 112 42 17 40 69 102 54 113 42 16 35 67 102 55 114 42 17 37 66 102 55 115 42 17 35 67 102 55 116 42 17 38 67 102 55 117 42 17 35 67 102 55 118 42 17 36 68 102 54 119 42 17 39 68 102 55 120 42 17 39 68 102 55 121 42 17 38 68 102 54 122 42 17 35 68 102 54 123 42 17 42 68 102 54 124 42 17 35 68 102 54 125 42 17 35 68 102 54 126 42 17 42 68 102 54 127 42 17 38 68 102 54 128 42 17 38 68 102 54 129 42 17 36 68 102 54 130 42 17 42 68 102 54 
131 42 16 36 68 102 54 132 42 17 38 68 102 54 133 42 17 35 68 102 54 134 42 17 35 68 102 54 
135 42 17 39 68 102 54 136 42 17 40 68 102 54 137 42 17 36 68 102 54 138 42 17 38 68 106 54 
139 42 17 41 68 102 54 140 42 17 35 68 102 54 141 42 17 40 67 103 54 142 42 17 42 67 103 54 
143 42 17 36 67 103 54 144 42 17 42 67 103 55 145 42 17 38 67 103 55 
