The values inside the EEPROM are : 
1 0 0 
2 1 0 
3 1 0 
4 2 0 
5 2 0 
6 2 0 
7 2 0 
8 3 0 
9 4 0 
10 4 0 
11 5 0 
12 7 0 
13 8 0 
14 10 0 
15 10 0 
16 10 0 
17 10 0 
18 10 0 
19 10 0 
20 10 0 
21 10 0
22 11 0 
23 11 0 
24 11 0 
25 11 0 
26 11 0 
27 11 0 
28 11 0 
29 11 0 
30 11 0 
31 11 0 
32 11 0 33 11 0 34 11 0 35 11 0 36 11 0 37 11 0 38 11 0 39 11 0 40 11 0 41 11 0 42 11 0 43 11 0 44 11 0 45 12 0 46 12 0 47 12 0 48 12 0 49 12 0 50 15 0 51 15 0 52 15 0 53 15 0 54 15 0 55 15 0 56 15 0 57 15 0 58 15 0 59 15 0 60 15 0 61 17 0 62 17 0 63 17 0 64 17 0 65 18 0 66 18 0 67 18 0 68 18 0 69 18 0 70 18 0 71 18 0 72 18 0 73 18 0 74 18 0 75 18 0 76 18 0 77 18 0 78 19 0 79 19 0 80 19 0 81 19 0 82 19 0 83 19 0 84 19 0 85 19 0 86 19 0 87 19 0 88 19 0 89 20 0 90 20 0 91 20 0 92 20 0 93 20 0 94 20 0 95 21 0 96 21 0 97 21 0 98 22 0 99 24 0 100 25 0 101 25 0 102 25 0 103 25 0 104 25 0 105 25 0 106 29 0 107 29 0 108 31 0 109 31 0 110 34 0 111 34 0 112 34 0 113 35 0 114 36 0 115 36 0 116 36 0 117 36 0 118 36 0 119 36 0 120 36 0 121 36 0 122 36 0 123 36 0 124 36 0 125 36 0 126 36 0 127 36 0 128 37 0 129 37 0 130 37 0 131 37 0 0 0 0 0 0 0 0 0 0 0 0 0 0 0 0 0 0 0 0 0 0 0 0 0 0 0 0 0 0 0 0 0 0 0 0 0 0 0 0 0 0 0 0 0 0 0 0 0 0 0 0 0 0 0 0 0 0 0 0 0 0 0 0 0 0 0 0 0 0 0 0 0 0 0 0 0 0 0 0 0 0 0 0 0 0 0 0 0 0 0 0 0 0 0 0 0 0 0 0 0 0 0 0 0 0 0 0 0 0 0 0 0 0 0 0 0 0 0 0 0 0 0 0 0 0 0 0 0 0 0 0 0 0 0 0 0 0 0 0 0 0 0 0 0 0 0 0 0 0 0 0 0 0 0 0 0 0 0 0 0 0 0 0 0 0 0 0 0 0 0 0 0 0 0 0 0 0 0 0 0 0 0 0 0 0 0 0 0 0 0 0 0 0 0 0 0 0 0 0 0 0 0 0 0 0 0 0 0 0 0 0 0 0 0 0 0 0 0 0 0 0 0 0 0 0 0 0 0 0 0 0 0 0 0 0 0 0 0 0 0 0 0 0 0 0 0 0 0 0 0 0 0 0 0 0 0 0 0 0 0 0 0 0 0 0 0 0 0 0 0 0 0 0 0 0 0 0 0 0 0 0 0 0 0 0 0 0 0 0 0 0 0 0 0 0 0 0 0 0 0 0 0 0 0 0 0 0 0 0 0 0 0 0 0 0 0 0 0 0 0 0 0 0 0 0 0 0 0 0 0 0 0 0 0 0 0 0 0 0 0 0 0 0 0 0 0 0 0 0 0 0 0 0 0 0 0 0 0 0 0 0 0 0 0 0 0 0 0 0 0 0 0 0 0 0 0 0 0 0 0 0 0 0 0 0 0 0 0 0 0 0 0 0 0 0 0 0 0 0 0 0 0 0 0 0 0 0 0 0 0 0 0 0 0 0 0 0 0 0 0 0 0 0 0 0 0 0 0 0 0 0 0 0 0 0 0 0 0 0 0 0 0 0 0 0 0 0 0 0 0 0 0 0 0 0 0 0 0 0 0 0 0 0 0 0 0 0 0 0 0 0 0 0 0 0 0 0 0 0 0 0 0 0 0 0 0 0 0 0 0 0 0 0 0 0 0 0 0 0 0 0 0 0 0 0 0 0 0 0 0 0 0 0 0 0 0 0 0 0 0 0 0 0 0 0 0 0 0 0 0 0 0 0 0 0 0 0 0 0 0 0 0 0 0 0 0 0 0 0 0 0 0 0 0 0 0 0 0 0 0 0 0 0 0 0 0 0 0 0 0 0 0 0 0 0 0 0 0 0 0 0 0 0 0 0 0 0 0 0 0 0 0 0 0 0 0 0 0 0 0 0 0 0 0 0 0 0 0 0 0 0 0 0 0 0 0 0 0 0 0 0 0 0 0 0 0 0 0 0 0 0  
15:21:50.239 -> Server started
