The values inside the EEPROM are : 
	  48 0 190 86 
30 16 42 0 190 87 
30 16 51 0 190 88 
30 16 49 0 190 89 
30 16 47 0 190 90 
30 16 43 0 190 91 
30 16 46 0 190 92 
30 16 49 0 190 93 
30 16 50 0 190 94 
30 16 42 0 190 95 
31 15 48 0 190 96 
31 15 51 0 189 97 
31 15 47 0 189 98 
31 15 47 0 189 99 
31 15 46 0 189 100 
31 15 44 0 189 101 
31 15 44 0 189 102 
31 15 49 0 189 103 
31 15 42 0 189 104 
31 15 45 0 189 105 
31 15 47 0 189 106 
30 16 42 0 189 107 
30 16 42 0 189 108 
30 16 45 0 189 109 
30 16 51 0 189 110 
30 16 45 0 189 111 
30 16 50 0 189 112 
30 16 48 0 189 113 
30 16 42 0 189 114 
30 16 46 0 188 115 
30 16 51 0 188 116 
30 16 42 0 188 117 
30 16 49 0 188 118 
30 16 46 0 188 119 
30 16 42 0 188 120 
30 16 43 0 188 121 
30 16 47 0 188 122 
30 16 51 0 188 123 
30 16 45 0 188 124 
30 16 46 0 188 125 
30 16 45 0 188 126 
30 16 43 0 188 127 
30 16 46 0 188 128 
30 16 48 0 187 129 
30 16 42 0 187 130 
30 16 51 0 187 131 
30 16 47 0 187 132 
30 16 51 0 187 133 
30 16 42 0 187 134 
30 16 42 0 187 135 
30 16 51 0 187 136 
30 16 52 0 187 137 
30 16 50 0 187 138 
30 16 44 0 186 139 
30 16 43 0 186 140 
30 16 43 0 186 141 
30 16 46 0 186 142 
30 16 42 0 186 143 
30 16 48 0 186 144 
30 16 51 0 186 145 
30 16 51 0 186 146 
30 16 46 0 186 147 
30 16 47 0 186 148 
30 16 47 0 186 149 
30 16 52 0 186 150 
30 16 43 0 186 151 
30 16 52 0 186 152 
30 16 44 0 186 153 
30 16 50 0 186 154 
30 16 42 0 186 155 
30 16 46 0 186 156 
30 16 52 0 185 157 
30 16 43 0 185 158 
30 16 47 0 185 159 
30 16 43 0 185 160 
30 16 51 0 185 161 
30 16 42 0 185 162 
30 16 52 0 185 163 
30 16 45 0 185 164 
30 16 52 0 185 165 
30 16 42 0 185 166 
30 16 45 0 185 167 
30 16 45 0 185 168 
30 16 43 0 185 169 
30 16 48 0 185 170 
30 16 42 0 185 171 
30 16 44 0 184 172 
30 16 50 0 184 173 
30 16 51 0 184 174 
30 16 52 0 184 175 
30 16 43 0 184 176 
30 16 47 0 184 177
30 16 46 0 184 178 
30 16 47 0 184 179 
30 16 42 0 184 180 
30 16 48 0 196 10 
30 17 43 0 196 11 
30 17 41 0 196 12 
30 17 42 0 196 13 
30 17 41 0 196 14 
30 17 43 0 195 15 
30 16 49 0 196 16 
30 17 41 0 195 17 
30 17 43 0 195 18 
30 17 47 0 195 19 
30 16 50 0 195 20 
30 16 43 0 195 21 
30 16 48 0 195 22 
30 16 49 0 195 23 
30 16 50 0 195 24 
30 16 47 0 195 25 
30 16 41 0 194 26 
30 16 42 0 194 27 
30 16 50 0 194 28 
30 16 41 0 194 29 
30 16 48 0 194 30 
30 16 41 0 194 31 
30 16 48 0 194 32 
30 16 48 0 194 33 
30 16 46 0 194 34 
30 16 48 0 194 35 
30 16 47 0 194 36 
30 16 45 0 194 37 
30 16 45 0 194 38 
30 16 44 0 194 39 
30 16 45 0 193 40 
30 16 42 0 193 41 
30 16 41 0 193 42 
30 16 49 0 193 43 
30 16 41 0 193 44 
30 16 50 0 193 45 
30 16 45 0 193 46 
30 16 44 0 193 47 
30 16 50 0 193 48 
30 16 42 0 193 49 
30 16 41 0 193 50 
30 16 41 0 193 51 
30 16 44 0 193 52 
30 16 50 0 193 53 
30 16 46 0 193 54 
30 16 50 0 192 55 
30 16 50 0 192 56 
30 16 47 0 192 57 
30 16 48 0 192 58 
30 16 50 0 192 59 
30 16 46 0 192 60 
30 16 42 0 192 61 
30 16 44 0 192 62
30 16 41 0 192 63 
30 16 51 0 192 64 
30 16 41 0 192 65 
30 16 48 0 192 66 
30 16 48 0 192 67 
30 16 49 0 192 68 
30 16 42 0 192 69 
30 16 46 0 192 70 
30 16 45 0 191 71 
30 16 42 0 191 72 
30 16 41 0 191 73 
30 16 42 0 191 74 
30 16 46 0 191 75 
30 16 48 0 191 76 
30 16 47 0 191 77 
30 16 46 0 191 78 
30 16 49 0 191 79 
30 16 49 0 190 80 
30 16 45 0 190 81 
30 16 42 0 190 82 
30 16 41 0 190 83 
30 16 51 0 190 84 
30 16 45 0 190 85 