The values inside the EEPROM are : 
1 0 0 
2 0 0 
3 1 0 
4 1 0 
5 1 0 
6 1 0 
7 2 0 
8 2 0 
9 2 0 
10 2 0 
11 2 0 
12 2 0 
13 2 0 
14 2 0 
15 2 0 
16 2 0 
17 2 0 
18 2 0 
19 2 0 
20 3 0 
21 3 0 
22 3 0 
23 3 0 
24 3 0 
25 3 0 
26 3 0 
27 3 0 
28 3 0 
29 3 0 
30 3 0 
31 4 0 
32 4 0 
33 4 0 
34 4 0 
35 5 0 
36 5 0 
37 5 0 
38 5 0 
39 6 0 
40 6 0 
41 6 0 
42 7 0 
43 7 0 
44 10 0 
45 11 0 
46 12 0 
47 12 0 
48 12 0 
49 12 0 
50 12 0 
51 12 0 
52 12 0 
53 12 0 
54 12 0 
55 12 0 
56 12 0 
57 13 0 
58 13 0 
59 13 0 
60 13 0 
61 13 0 
62 13 0 
63 13 0 
64 13 0 
65 13 0 
66 13 0 
67 13 0 
68 13 0 
69 13 0 
70 13 0 
71 13 0 
72 13 0 
73 14 0 
74 14 0 
75 14 0 
76 14 0 
77 14 0 
78 15 0 
79 15 0 
80 15 0 
81 15 0 
82 15 0 
83 15 0 
84 15 0 
85 15 0 
86 15 0 
87 15 0 
88 16 0 
89 17 0 
90 18 0 
91 18 0 
92 18 0 
93 18 0 
94 18 0 
95 18 0 
96 18 0 
97 18 0 
98 18 0 
99 18 0 
100 18 0 
101 18 0 
102 18 0 
103 19 0 
104 19 0 
105 19 0 
106 19 0 
107 19 0 
108 19 0 
109 19 0 
110 19 0 
111 19 0 
112 19 0 
113 19 0 
114 19 0 
115 19 0 
116 20 0 
117 20 0 
118 20 0 
119 20 0 
120 20 0 
121 20 0 
122 20 0 
123 20 0 
124 20 0 
125 20 0 
126 20 0 
127 20 0 
128 20 0 
129 20 0 
130 21 0 
131 21 0 
132 21 0 
133 21 0 
134 21 0 
135 21 0 
136 21 0 
137 21 0 
138 22 0 
139 22 0 
140 23 0 
141 23 0 
142 23 0 
143 23 0 
144 23 0 
145 23 0 
146 23 0 
147 23 0 
148 23 0 
149 23 0 

16:33:51.912 -> Server started
