The values inside the EEPROM are : 
			 169 171 
31 16 147 38 169 172
31 16 146 38 169 173 
31 16 138 38 169 174 
31 16 139 38 168 175 
31 16 142 38 168 176 
31 16 138 38 168 177 
31 16 139 38 169 178 
31 16 146 38 168 179 
31 16 140 38 168 180 
31 16 139 38 168 181 
31 16 138 38 168 182 
31 16 144 38 168 183 
32 16 146 38 168 184 
32 16 152 38 168 185 
32 16 148 38 168 186 
32 15 138 38 168 187 
32 16 152 38 168 188 
32 16 138 38 168 189 
32 16 143 38 168 190 
32 16 150 38 168 191 
32 16 139 38 168 192 
32 16 138 38 168 193 
33 15 139 38 168 194 
33 15 152 38 168 195 
33 15 138 38 168 196 
33 15 146 38 168 197 
33 15 140 38 168 198 
33 15 151 38 168 199 
33 15 146 38 168 200 
33 15 152 38 168 201 
33 15 147 38 168 202 
33 15 139 38 168 203 
33 15 141 38 168 204 
34 15 144 38 168 205 
34 15 139 38 168 206 
34 15 149 38 168 207 
34 15 143 38 168 208 
34 15 143 38 168 209 
34 15 150 38 168 210 
34 15 138 38 168 211 
34 15 146 38 168 212 
34 15 145 38 168 213 
34 15 142 38 168 214 
34 15 142 38 168 215 
34 15 139 38 168 216 
34 15 144 38 168 217 
34 15 147 38 168 218 
34 15 145 38 168 219 
34 15 139 38 168 220 
34 15 145 38 168 221 
34 15 139 38 168 222 
34 15 152 38 168 223 
34 15 139 38 168 224 
34 15 142 38 168 225 
33 15 142 38 168 226 
33 15 145 38 168 227 
33 15 147 38 168 228 
33 15 139 38 168 229 
33 15 143 38 168 230 
33 15 147 38 168 231 
34 15 146 38 168 232 
34 15 147 38 168 233 
33 15 147 38 168 234 
33 15 139 38 168 235 
33 15 147 38 168 236 
33 15 139 38 168 237 
33 15 145 38 168 238 
33 15 140 38 168 239 
33 15 139 38 168 240 
33 15 142 38 168 241 
33 15 139 38 168 242 
33 15 150 38 168 243 
33 15 146 38 168 244 
33 15 146 38 168 245 
33 15 141 38 168 246 
33 15 147 38 168 247 
33 15 139 38 168 248 
33 15 141 38 168 249 
33 15 142 38 168 250 
33 15 139 38 168 251 
34 15 139 38 168 252 
34 15 149 38 168 253 
34 15 142 38 168 254 
34 15 139 38 168 255 
34 15 147 38 168 0 
34 15 140 38 168 1 
34 15 141 38 168 2 
34 15 142 38 168 3 
34 15 141 38 168 4 
34 15 141 38 168 5 
34 15 147 38 168 6 
34 15 144 38 168 7 
	  137 38 169 93 
28 17 140 38 169 94 
28 17 141 38 169 95 
28 17 139 38 169 96 
28 17 143 38 169 97 
28 17 139 38 169 98 
28 17 145 38 169 99 
28 17 137 38 169 100 
28 17 140 38 169 101 
28 17 145 38 169 102 
28 17 139 38 169 103 
28 17 152 38 169 104 
28 17 140 38 169 105 
28 17 145 38 169 106 
28 17 138 38 169 107 
28 17 145 38 169 108 
28 17 146 38 169 109 
28 17 141 38 169 110 
28 18 145 38 169 111 
28 17 138 38 169 112 
28 17 143 38 169 113 
28 17 140 38 169 114 
28 18 140 38 169 115 
28 18 139 38 169 116 
28 17 143 38 169 117 
28 18 138 38 169 118 
28 17 139 38 169 119 
28 17 138 38 169 120 
28 17 141 38 169 121 
28 17 144 38 169 122 
28 18 138 38 169 123 
28 18 138 38 169 124 
28 18 142 38 169 125 
28 18 146 38 169 126 
28 18 142 38 169 127 
28 18 150 38 169 128 
28 18 138 38 169 129 
28 18 150 38 169 130 
29 17 146 38 169 131 
29 17 143 38 169 132 
29 17 146 38 169 133 
29 17 150 38 169 134 
29 17 145 38 169 135 
29 17 138 38 169 136 
29 17 138 38 169 137 
29 17 147 38 169 138 
29 17 139 38 169 139 
29 17 138 38 169 140 
29 17 142 38 169 141 
29 17 139 38 169 142 
29 17 139 38 169 143 
29 17 148 38 169 144 
29 17 142 38 169 145 
29 17 147 38 169 146 
29 17 143 38 169 147 
29 17 138 38 169 148 
29 17 138 38 169 149 
29 17 143 38 169 150 
29 17 145 38 169 151 
29 17 146 38 169 152 
30 17 139 38 169 153 
30 17 142 38 169 154 
30 17 144 38 169 155 
30 17 146 38 169 156 
30 17 138 38 169 157 
30 17 152 38 169 158 
30 17 142 38 169 159 
30 17 138 38 169 160 
30 17 138 38 169 161 
30 17 138 38 169 162 
30 17 145 38 169 163 
30 17 140 38 169 164 
30 17 143 38 169 165 
30 17 143 38 169 166 
30 17 141 38 169 167 
30 17 142 38 169 168 
30 17 138 38 169 169 
30 17 145 38 168 170 
31 16 143 38  
16:35:36.748 -> Client started
