The values inside the EEPROM are : 
0 0 32 112 206 1 
0 0 32 112 206 2 
0 0 32 112 206 3 
0 0 32 112 206 4 
0 0 32 112 206 5 
0 0 32 112 206 6 
0 0 32 112 206 7 
0 0 32 112 206 8 0 0 32 112 206 9 0 0 32 112 206 10 0 0 32 112 206 11 0 0 32 112 206 12 0 0 32 112 206 13 0 0 32 112 206 14 0 0 32 112 206 15 0 0 32 112 206 16 0 0 32 112 206 17 0 0 32 112 206 18 0 0 32 112 206 19 0 0 32 112 206 20 0 0 32 112 206 21 0 0 32 112 206 22 0 0 32 112 206 23 0 0 32 112 206 24 0 0 32 112 206 25 0 0 32 112 206 26 0 0 32 112 206 27 0 0 32 112 206 28 0 0 32 112 206 29 0 0 32 112 206 30 0 0 32 112 206 31 0 0 32 112 206 32 0 0 32 112 206 33 0 0 32 112 206 34 0 0 32 112 206 35 0 0 32 112 206 36 0 0 32 112 206 37 0 0 32 112 206 38 0 0 32 112 206 39 0 0 32 112 206 40 0 0 32 112 206 41 0 0 32 112 206 42 0 0 32 112 206 43 0 0 32 112 206 44 0 0 32 112 206 45 0 0 32 112 206 46 0 0 32 112 206 47 0 0 32 112 206 48 0 0 32 112 206 49 0 0 32 112 206 50 0 0 32 112 206 51 0 0 32 112 206 52 0 0 32 112 206 53 0 0 32 112 206 54 0 0 32 112 206 55 0 0 32 112 206 56 0 0 32 112 206 57 0 0 32 112 206 58 0 0 32 112 206 59 0 0 32 112 206 60 0 0 32 112 206 61 0 0 32 112 206 62 0 0 32 112 206 63 0 0 32 112 206 64 0 0 32 112 206 65 0 0 32 112 206 66 0 0 32 112 206 67 0 0 32 112 206 68 0 0 32 112 206 69 0 0 32 112 206 70 0 0 32 112 206 71 0 0 32 112 206 72 0 0 32 112 206 73 0 0 32 112 206 74 0 0 32 112 206 75 0 0 32 112 206 76 0 0 32 112 206 77 0 0 32 112 206 78 0 0 32 112 206 79 0 0 32 112 206 80 0 0 32 112 206 81 0 0 32 112 206 82 0 0 32 112 206 83 0 0 32 112 206 84 0 0 32 112 206 85 0 0 32 112 206 86 0 0 32 112 206 87 0 0 32 112 206 88 0 0 32 112 206 89 0 0 32 112 206 90 0 0 32 112 206 91 0 0 32 112 206 92 0 0 32 112 206 93 0 0 32 112 206 94 0 0 32 112 206 95 0 0 32 112 206 96 0 0 32 112 206 97 0 0 32 113 206 98 0 0 32 112 206 99 0 0 32 112 206 100 0 0 32 112 206 101 0 0 32 112 206 102 0 0 32 112 206 103 0 0 32 112 206 104 0 0 32 112 206 105 0 0 32 112 206 106 0 0 32 112 206 107 0 0 32 112 206 108 0 0 32 112 206 109 0 0 32 112 206 110 0 0 32 112 206 111 0 0 32 112 206 112 0 0 32 112 206 113 0 0 32 112 206 114 0 0 32 112 206 115 0 0 32 112 206 116 0 0 32 112 206 117 0 0 32 112 206 118 0 0 32 112 206 119 0 0 32 113 206 120 0 0 32 112 206 121 0 0 32 112 206 122 0 0 32 112 206 123 0 0 32 112 206 124 0 0 32 112 206 125 0 0 32 113 206 126 0 0 32 112 206 127 0 0 32 113 206 128 0 0 32 113 206 129 0 0 32 112 206 130 0 0 32 113 206 131 0 0 32 113 206 132 0 0 32 113 206 133 0 0 32 113 206 134 0 0 32 113 206 135 0 0 32 113 206 136 0 0 32 113 206 137 0 0 32 113 206 138 0 0 32 113 206 139 0 0 32 113 206 140 0 0 32 113 206 141 0 0 32 113 206 142 0 0 33 88 205 143 0 0 33 86 205 144 32 112 206 230 0 0 32 112 206 231 0 0 32 112 206 232 0 0 32 112 206 233 0 0 32 112 206 234 0 0 32 112 206 235 0 0 32 112 206 236 0 0 32 112 206 237 0 0 32 112 206 238 0 0 32 112 206 239 0 0 32 112 206 240 0 0 32 112 206 241 0 0 32 112 206 242 0 0 32 112 206 243 0 0 32 112 206 244 0 0 32 112 206 245 0 0 32 112 206 246 0 0 32 112 206 247 0 0 32 112 206 248 0 0 32 112 206 249 0 0 32 112 206 250 0 0 32 112 206 251 0 0 32 112 206 252 0 0 32 112 206 253 0 0 32 112 206 254 0 0 32 112 206 255 0 0 32 112 206 0  
Client started
