The values inside the EEPROM are : 
1 0 0 
2 0 0 
3 0 0 
4 0 0 
5 0 0 
6 0 0 
7 0 0 
8 0 0 
9 0 0 
10 0 0 
11 0 0 
12 0 0 
13 0 0 
14 0 0 
15 0 0 
16 0 0 
17 0 0 
18 0 0 
19 0 0 
20 0 0
21 0 0 
22 0 0 
23 0 0 
24 0 0 
25 0 0 
26 1 0 
27 1 0 
28 1 0 
29 1 0 
30 1 0 
31 1 0 
32 1 0 
33 1 0 
34 1 0 
35 1 0 
36 1 0 
37 1 0 
38 1 0 
39 1 0 
40 1 0
41 1 0 
42 1 0 
43 1 0 
44 1 0 
45 1 0 
46 1 0 
47 1 0 
48 1 0 
49 1 0 
50 1 0 
51 1 0 
52 2 0 
53 2 0 
54 2 0 
55 2 0 
56 2 0 
57 2 0 
58 3 0 
59 3 0 
60 3 0 
61 3 0 
62 3 0 
63 3 0 
64 3 0 
65 3 0 
66 3 0 
67 3 0 
68 3 0 
69 3 0 
70 3 0 
71 3 0 
72 3 0 
73 3 0 
74 4 0 
75 4 0 
76 4 0 
77 4 0 
78 4 0 
79 4 0 
80 4 0 
81 4 0 
82 4 0 
83 4 0 
84 4 0 
85 4 0 
86 4 0 
87 4 0 
88 4 0 
89 4 0 
90 4 0 
91 4 0 
92 4 0 
93 4 0 
94 4 0 
95 4 0 
96 4 0 
97 4 0 
98 4 0 
99 4 0 
100 4 0 
101 4 0 
102 4 0 
103 4 0 
104 4 0 
105 4 0 
106 4 0 
107 4 0 
108 4 0 
109 4 0 
110 4 0 
111 4 0 
112 4 0 
113 4 0
114 4 0 
115 4 0 
116 4 0 
117 4 0 
118 4 0 
119 4 0 
120 4 0 
121 5 0 
122 5 0 
123 5 0 
124 5 0 
125 6 0 
126 6 0 
127 6 0 
128 6 0 
129 6 0 
130 6 0 
131 6 0 
132 6 0 
133 6 0 
134 6 0 
135 6 0 
136 6 0 
137 6 0 
138 6 0 
139 6 0 
140 6 0 
141 6 0 
142 6 0 
143 6 0 
144 6 0 
145 6 0 
146 6 0 
147 6 0 
148 6 0 
149 6 0 
150 6 0 
151 7 0 
152 7 0 
153 7 0 
154 8 0 
155 8 0 
156 8 0 
157 8 0 
158 8 0 
159 8 0 
160 8 0 
161 8 0 
162 8 0 
163 8 0 
164 8 0 
165 8 0
166 9 0