The values inside the EEPROM are : 
	  51 0 163 86 
38 12 57 0 163 87 
38 12 48 0 163 88 
38 12 53 0 163 89 
38 12 56 0 163 90 
38 12 48 0 163 91 
38 12 58 0 162 92 
38 12 48 0 163 93 
38 12 56 0 161 94 
38 12 53 0 156 95 
38 12 48 0 157 96 
38 12 58 0 157 97 
38 12 56 0 157 98 
38 12 48 0 157 99 
38 12 54 0 157 100 
38 12 50 0 156 101 
37 12 63 0 143 102 
37 12 70 0 142 103 
38 12 46 0 170 189 
38 12 54 0 169 190 
38 12 55 0 169 191 
38 12 48 0 169 192 
38 12 46 0 169 193 
38 12 55 0 169 194 
38 12 50 0 169 195 
38 12 45 0 169 196 
38 12 49 0 169 197 
38 12 55 0 169 198 
38 12 55 0 169 199 
38 12 55 0 169 200 
38 12 55 0 169 201 
38 12 52 0 169 202 
38 12 55 0 169 203 
38 12 55 0 169 204 
38 12 55 0 169 205 
38 12 46 0 169 206 
38 12 46 0 169 207 
38 12 52 0 169 208 
38 12 48 0 169 209 
38 12 48 0 169 210 
38 12 46 0 169 211 
38 12 49 0 169 212 
38 12 55 0 169 213 
38 12 52 0 169 214 
38 12 49 0 169 215 
38 12 50 0 169 216 
38 12 55 0 169 217 
38 12 55 0 168 218 
38 12 46 0 168 219 
38 12 46 0 168 220 
38 12 49 0 168 221 
38 12 55 0 168 222 
38 12 46 0 168 223 
38 12 52 0 168 224 
38 12 46 0 168 225 
38 12 50 0 168 226 
38 12 46 0 168 227 
38 12 56 0 168 228 
38 12 50 0 168 229 
38 12 52 0 168 230 
38 12 54 0 168 231 
38 12 56 0 168 232 
38 12 47 0 168 233 
38 12 46 0 168 234 
38 12 52 0 168 235 
38 12 54 0 168 236 
38 12 56 0 168 237 
38 12 49 0 167 238 
38 12 46 0 167 239 
38 12 46 0 167 240 
38 12 50 0 167 241 
38 12 55 0 167 242 
38 12 54 0 167 243 
38 12 51 0 167 244 
38 12 56 0 167 245 
38 12 51 0 167 246 
38 12 47 0 167 247 
38 12 51 0 167 248 
38 12 54 0 167 249 
38 12 46 0 167 250 
38 12 54 0 167 251 
38 12 51 0 167 252 
38 12 55 0 167 253 
38 12 53 0 167 254 
38 12 55 0 167 255 
38 12 56 0 167 0 
38 12 47 0 167 1 
38 12 49 0 167 2 
38 12 46 0 167 3 
38 12 53 0 167 4 
38 12 47 0 167 5 
38 12 55 0 167 6 
38 12 55 0 167 7 
38 12 49 0 167 8 
38 12 53 0 167 9 
38 12 47 0 166 10 
38 12 47 0 166 11
38 12 51 0 166 12 
38 12 56 0 166 13 
38 12 56 0 166 14 
38 12 47 0 166 15 
38 12 47 0 166 16 
38 12 56 0 166 17 
38 12 56 0 166 18 
38 12 50 0 166 19 
38 12 50 0 166 20 
38 12 56 0 166 21 
38 12 56 0 166 22 
38 12 51 0 166 23 
38 12 49 0 166 24 
38 12 50 0 166 25 
38 12 56 0 166 26 
38 12 47 0 166 27 
38 12 55 0 166 28 
38 12 56 0 166 29 
38 12 48 0 166 30 
38 12 56 0 166 31 
38 12 55 0 166 32 
38 12 57 0 166 33 
38 12 49 0 166 34 
38 12 55 0 166 35 
38 12 51 0 166 36 
38 12 50 0 165 37 
38 12 55 0 165 38 
38 12 49 0 165 39 
38 12 47 0 165 40 
38 12 57 0 165 41 
38 12 55 0 165 42 
38 12 47 0 165 43 
38 12 49 0 165 44 
38 12 57 0 165 45 
38 12 57 0 165 46 
38 12 49 0 165 47 
38 12 47 0 165 48 
38 12 51 0 165 49 
38 12 57 0 165 50 
38 12 53 0 165 51 
38 12 57 0 165 52 
38 12 52 0 165 53 
38 12 47 0 165 54 
38 12 53 0 165 55 
38 12 52 0 165 56 
38 12 52 0 165 57 
38 12 49 0 165 58 
38 12 57 0 165 59 
38 12 51 0 165 60 
38 12 55 0 165 61 
38 12 57 0 165 62 
38 12 57 0 165 63 
38 12 57 0 165 64 
38 12 49 0 165 65 
38 12 57 0 165 66
38 12 54 0 164 67 
38 12 47 0 164 68 
38 12 53 0 164 69 
38 12 51 0 164 70 
38 12 50 0 164 71 
38 12 49 0 164 72 
38 12 48 0 164 73 
38 12 50 0 164 74 
38 12 53 0 164 75 
38 12 51 0 164 76 
38 12 57 0 164 77 
38 12 55 0 164 78 
38 12 53 0 164 79 
38 12 57 0 164 80 
38 12 52 0 164 81 
38 12 57 0 164 82 
38 12 52 0 164 83 
38 12 57 0 164 84 
38 12 57 0 163 85  