The values inside the EEPROM are : 
1 0 0 
2 0 0 
3 0 0 
4 0 0 
5 0 0 
6 0 0 
7 0 0 
8 0 0 
9 0 0 
10 0 0 
11 0 0 
12 0 0 
13 0 0 
14 0 0 
15 0 0 
16 0 0 
17 0 0 
18 0 0 
19 0 0 
20 0 0 
21 0 0 
22 0 0 
23 0 0 
24 0 0 
25 0 0 
26 0 0 
27 0 0 
28 0 0 
29 0 0 
30 1 0 
31 1 0 
32 1 0 
33 2 0 
34 2 0 
35 2 0 
36 2 0 
37 2 0 
38 2 0 
39 2 0 
40 2 0 
41 2 0 
42 2 0 
43 2 0 
44 2 0 
45 2 0 
46 2 0 
47 2 0 
48 2 0 
49 2 0 
50 2 0 
51 3 0 
52 3 0 
53 3 0 
54 3 0 
55 3 0 
56 3 0 
57 3 0 
58 3 0 
59 3 0 
60 3 0 
61 4 0 
62 4 0 
63 4 0 
64 4 0 
65 4 0 
66 4 0 
67 4 0 
68 4 0 
69 4 0 
70 4 0 
71 4 0 
72 4 0 
73 4 0 
74 5 0 
75 5 0 
76 5 0 
77 5 0 
78 5 0 
79 5 0 
80 5 0 
81 5 0 
82 5 0 
83 5 0 
84 5 0
85 5 0 
86 5 0 
87 5 0 
88 5 0 
89 5 0 
90 5 0 
91 5 0 
92 5 0 
93 5 0 
94 5 0 
95 5 0 
96 5 0 
97 5 0 
98 5 0 
99 5 0 
100 5 0 
101 5 0 
102 5 0 
103 5 0 
104 5 0 
105 5 0 
106 5 0 
107 5 0 
108 5 0 
109 5 0 
110 5 0 
111 5 0 
112 5 0 
113 5 0 
114 5 0 
115 5 0 
116 5 0 
117 5 0 
118 5 0 
119 5 0 
120 5 0 
121 5 0 
122 5 0 
123 6 0 
124 6 0 
125 6 0 
126 6 0 
127 6 0 
128 7 0 
129 7 0 
130 7 0 
131 7 0 
132 8 0 
133 8 0 
134 8 0 
135 8 0 
136 8 0 
137 9 0 
138 9 0 
139 9 0 
140 9 0 
141 9 0 
142 9 0 
143 10 0 
144 10 0 
145 10 0 
146 10 0 
147 10 0 
148 10 0 
149 10 0 
150 10 0 
151 10 0 
152 10 0 
153 10 0
154 10 0 
155 10 0 
156 10 0 
157 10 0 
158 10 0 
159 10 0 
160 10 0 
161 10 0 
162 10 0 
163 10 0 
164 10 0 
165 10 0 
166 11 0 
167 11 0 
168 11 0 

15:39:42.295 -> Server started
