15:41:41.554 -> The values inside the EEPROM are : 
37 12 54 0 193 86 
37 12 46 0 193 87 
37 12 47 0 193 88 
37 12 52 0 193 89 
37 12 55 0 193 90 
37 12 50 0 192 91 
37 12 47 0 192 92 
37 12 52 0 192 93 
37 12 55 0 192 94 
37 12 52 0 192 95 
37 12 54 0 192 96 
37 12 54 0 192 97 
37 12 55 0 192 98 
37 12 54 0 192 99 
37 12 47 0 192 100 
37 12 51 0 192 101 
37 12 55 0 192 102 
37 12 48 0 192 103 
37 12 49 0 192 104 
37 12 55 0 191 105 
37 12 52 0 191 106 
37 12 48 0 191 107 
37 12 54 0 191 108 
37 12 52 0 191 109 
37 12 55 0 191 110 
37 12 55 0 191 111 
37 12 49 0 191 112 
37 12 49 0 191 113 
37 12 52 0 191 114 
37 12 54 0 191 115 
37 12 50 0 190 116 
37 12 50 0 190 117 
37 12 55 0 190 118 
37 12 48 0 190 119 
37 12 50 0 190 120 
37 12 49 0 190 121 
37 12 54 0 190 122 
37 12 53 0 190 123 
37 12 51 0 190 124 
37 12 55 0 190 125 
37 12 55 0 190 126 
37 12 55 0 190 127 
37 12 50 0 190 128 
37 12 54 0 190 129 
37 12 54 0 190 130 
37 12 47 0 190 131 
37 12 47 0 189 132 
37 12 55 0 189 133 
37 12 51 0 189 134 
37 12 52 0 189 135 
37 12 55 0 189 136 
37 12 55 0 189 137 
37 12 51 0 189 138 
37 12 56 0 189 139 
37 12 52 0 189 140 
37 12 52 0 189 141 
37 12 54 0 189 142 
37 12 51 0 189 143 
37 12 56 0 189 144 
37 12 53 0 189 145 
37 12 51 0 189 146 
37 12 48 0 189 147 
37 12 49 0 189 148 
37 12 49 0 189 149 
37 12 52 0 189 150 
37 12 55 0 189 151 
37 12 55 0 189 152 
37 12 56 0 188 153 
37 12 49 0 188 154 
37 12 53 0 188 155 
37 12 55 0 188 156 
37 12 56 0 188 157 
37 12 51 0 188 158 
37 12 50 0 188 159 
37 12 55 0 188 160 
37 12 49 0 188 161 
37 12 48 0 188 162 
37 12 55 0 188 163 
37 12 56 0 188 164 
37 12 56 0 188 165 
37 12 56 0 188 166 
37 12 49 0 188 167 
37 12 55 0 188 168 
37 12 56 0 188 169 
37 12 56 0 188 170 
37 12 56 0 188 171 
37 12 50 0 188 172 
37 12 48 0 188 173 
37 12 56 0 188 174 
37 12 49 0 187 175 
37 12 48 0 187 176 
37 12 56 0 187 177 
37 12 50 0 187 178 
37 12 56 0 187 179 
37 12 51 0 187 180 
37 12 50 0 187 181 
37 12 54 0 187 182 
37 12 48 0 187 183 
37 12 48 0 187 184 
37 12 48 0 187 185 
37 12 54 0 187 186 
37 12 56 0 187 187 
37 12 56 0 187 188 
37 12 56 0 187 189 
37 12 50 0 187 190 
37 12 50 0 186 191 
37 12 52 0 186 192 
37 12 49 0 186 193 
37 12 51 0 186 194 
37 12 55 0 186 195 
37 12 50 0 186 196 
37 12 50 0 186 197 
37 12 50 0 186 198 
37 12 56 0 186 199 
37 12 54 0 186 200 
37 12 52 0 186 201 
37 12 49 0 186 202 
37 12 56 0 186 203 
37 12 56 0 186 204 
37 12 50 0 186 205 
37 12 56 0 186 206 
37 12 50 0 186 207 
37 12 51 0 186 208 
37 12 53 0 186 209 
37 12 48 0 186 210 
37 12 51 0 186 211 
37 12 50 0 186 212 
37 12 49 0 186 213 
37 12 57 0 186 214 
37 12 54 0 185 215 
37 12 52 0 185 216 
37 12 49 0 185 217 
37 12 53 0 185 218 
37 12 49 0 185 219 
37 12 50 0 185 220 
37 12 50 0 185 221 
37 12 54 0 185 222 
37 12 54 0 185 223 
37 12 53 0 185 224 
37 12 50 0 185 225 
37 12 52 0 185 226 
37 12 50 0 185 227 
37 12 56 0 185 228 
37 12 50 0 185 229 
37 12 56 0 185 230 
37 12 56 0 185 231 
37 12 57 0 185 232 
37 12 53 0 185 233 
37 12 51 0 185 234 
37 12 54 0 185 235 
37 12 57 0 185 236 
37 12 49 0 184 237 
37 12 52 0 184 238 
37 12 56 0 184 239 
      50 0 194 69 
37 12 50 0 194 70 
37 12 53 0 194 71 
37 12 50 0 194 72 
37 12 50 0 194 73 
37 12 52 0 194 74 
37 12 54 0 194 75 
37 12 51 0 194 76 
37 12 46 0 193 77 
37 12 49 0 193 78 
37 12 49 0 193 79 
37 12 54 0 193 80 
37 12 54 0 193 81 
37 12 54 0 193 82 
37 12 54 0 193 83 
37 12 48 0 193 84 
37 12 48 0 193 85 
  
15:41:41.836 -> Client started
