LoRa Sender
The values inside the EEPROM are : 
19 32 69 203 44 202 47 
1 37 18 35 67 202 47 
2 37 18 40 67 202 47 
3 37 18 40 67 202 47 
4 37 18 40 67 202 47 
5 37 18 34 67 202 47 6 36 19 35 67 202 47 7 36 19 34 67 202 47 8 36 19 34 67 202 47 9 36 19 34 67 202 47 10 36 19 34 67 202 47 11 36 19 40 67 202 47 12 36 19 40 67 202 47 13 36 19 34 67 202 47 14 36 19 40 67 202 47 15 36 19 35 67 202 47 16 36 19 35 67 202 47 17 36 19 38 67 202 47 18 36 19 40 67 202 47 19 36 19 34 67 202 47 20 36 19 34 67 202 47 21 36 19 38 67 202 47 22 36 19 37 68 202 47 23 36 19 40 68 202 47 24 36 19 33 68 202 46 25 36 19 36 68 202 47 26 36 19 34 68 202 46 27 36 19 37 68 202 46 28 36 19 34 68 202 46 29 36 19 36 68 202 46 30 36 19 33 68 202 46 31 36 19 38 68 202 46 32 36 19 34 68 202 46 33 36 19 38 68 202 46 34 36 19 37 68 202 46 35 36 19 39 68 203 46 36 36 19 40 68 203 46 37 36 19 34 68 203 46 38 35 19 34 68 202 46 39 35 19 33 68 203 46 40 35 19 36 68 203 46 41 35 19 35 68 203 46 42 35 19 40 68 203 46 43 35 19 40 68 203 46 44 35 19 33 68 203 46 45 35 19 39 68 203 46 46 35 19 37 68 203 46 47 35 19 36 68 203 46 48 35 19 34 68 203 46 49 35 19 37 68 202 46 50 35 19 39 68 203 46 51 35 19 40 68 202 46 52 35 19 33 68 203 46 53 35 19 33 68 203 46 54 35 19 33 68 203 45 55 35 19 34 68 203 46 56 35 19 37 68 202 45 57 35 19 36 68 203 45 58 35 19 39 68 203 45 59 35 19 34 68 203 45 60 35 19 39 68 203 45 61 35 19 34 68 203 45 62 35 19 36 68 203 45 63 35 19 34 68 203 45 64 35 19 35 68 203 45 65 35 19 33 68 203 45 66 35 19 33 68 203 45 67 35 19 33 68 203 45 68 35 19 34 68 203 45 69 35 19 34 68 203 45 70 35 19 33 68 203 45 71 35 19 37 68 203 45 72 35 19 39 68 202 45 73 35 19 36 68 203 45 74 35 19 37 68 203 45 75 35 19 39 68 203 45 76 35 19 34 68 203 45 77 35 19 37 68 203 45 78 35 19 39 68 203 45 79 35 19 38 68 203 45 80 35 19 33 68 202 45 81 35 19 39 68 203 45 82 35 19 34 68 203 45 83 35 19 33 69 203 45 84 35 19 39 68 203 45 85 35 19 39 68 203 45 86 35 19 34 69 203 45 87 35 19 33 69 202 45 88 35 19 33 69 203 45 89 35 19 39 69 203 45 90 35 19 38 69 203 45 91 35 19 37 69 203 45 92 35 19 36 69 203 45 93 35 19 38 69 203 45 94 35 19 39 69 203 45 95 35 19 39 69 203 45 96 35 19 38 69 203 45 97 35 19 39 69 203 45 98 35 19 39 69 203 45 99 35 19 39 69 203 45 100 35 19 37 69 203 45 101 35 19 38 69 203 45 102 35 19 34 69 203 45 103 35 19 35 69 203 45 104 35 19 33 69 203 45 105 35 19 39 69 203 45 106 35 19 39 69 203 45 107 35 19 37 69 203 45 108 35 19 34 69 203 45 109 35 19 36 69 203 45 110 35 19 34 69 203 45 111 35 19 33 69 203 45 112 35 19 37 69 203 45 113 35 19 37 69 203 44 114 35 19 39 69 203 44 115 35 19 39 69 203 44 116 35 19 39 69 203 44 117 35 19 35 69 203 44 118 35 19 38 69 203 44 119 35 19 35 69 203 44 120 35 19 36 69 203 44 121 35 19 37 69 203 44 122 35 19 38 69 203 44 123 35 19 33 69 203 44 124 35 19 35 69 203 44 125 35 19 37 69 203 44 126 35 19 39 69 203 44 127 35 19 35 69 203 44 128 35 19 37 69 203 44 129 35 19 33 69 202 44 130 35 19 35 69 203 44 131 35 19 33 69 203 44 132 35 19 35 69 203 44 133 35 19 37 69 203 44 134 35 19 37 69 203 44 135 35 19 33 69 203 44 136 35 19 37 69 203 44 137 35 19 35 69 202 44 138 35 19 34 69 203 44 139 35 19 39 69 203 44 140 35 19 34 69 203 44 
141 35 19 39 69 203 44 
142 35 19 35 69 203 44 
143 35 19 39 69 203 44 
144 35 19 35 69 203 44 
145 35 19 36 69 203 44 