The values inside the EEPROM are : 
1 0 0 
2 0 0 
3 1 0 
4 1 0 
5 2 0 
6 2 0 
7 2 0 
8 2 0 
9 2 0 
10 2 0 
11 2 0 
12 2 0 
13 2 0 
14 2 0 
15 2 0 
16 2 0 
17 2 0 
18 2 0
19 2 0 
20 2 0 
21 2 0 
22 2 0 
23 2 0 
24 2 0 
25 2 0 
26 2 0 
27 2 0 
28 2 0 
29 2 0 
30 2 0 
31 2 0 
32 2 0 
33 2 0 
34 2 0 
35 2 0 
36 2 0 
37 2 0 
38 2 0 
39 2 0 
40 4 0 
41 5 0 
42 5 0 
43 6 0 
44 6 0 
45 6 0 
46 6 0 
47 6 0 
48 6 0 
49 6 0 
50 10 0 
51 10 0 
52 11 0 
53 11 0 
54 11 0 
55 11 0 
56 11 0 
57 11 0 
58 12 0 
59 12 0 
60 12 0 
61 13 0 
62 13 0 
63 13 0 
64 13 0 
65 13 0 
66 14 0 
67 14 0 
68 14 0 
69 14 0 
70 14 0 
71 14 0 
72 14 0 
73 14 0 
74 14 0 
75 14 0 
76 14 0 
77 14 0 
78 14 0 
79 14 0 
80 14 0 
81 14 0 
82 14 0 
83 14 0 
84 14 0 
85 14 0 
86 14 0 
87 14 0 
88 14 0 
89 14 0 
90 14 0 
91 14 0 
92 14 0 
93 14 0 
94 14 0 
95 14 0 
96 14 0 
97 14 0 
98 14 0 
99 14 0 
100 14 0 
101 14 0 
102 14 0 
103 14 0 
104 14 0 
105 14 0 
106 14 0 
107 14 0 
108 14 0 
109 14 0 
110 14 0 
111 14 0 
112 14 0 
113 14 0 
114 14 0 
115 14 0 
116 14 0 
117 14 0 
118 14 0 
119 14 0 
120 14 0 
121 14 0 
122 14 0 
123 14 0 
124 14 0 
125 14 0 
126 14 0 
127 14 0 
128 14 0 
129 14 0 
130 14 0 
131 14 0 
132 14 0 
133 14 0 
134 14 0 
135 14 0 
136 14 0 
137 14 0 
138 14 0 
139 14 0 
140 14 0 
141 14 0 
142 14 0 
143 14 0 
144 14 0 
145 14 0 
146 14 0 
147 14 0 
148 14 0 
149 14 0 
150 14 0 
151 14 0 
152 14 0 
153 14 0 
154 14 0 
155 14 0 
156 15 0 
157 15 0 
158 15 0 
10:20:00.477 -> Server started
