The values inside the EEPROM are : 
37 12 156 39 146 86 
37 12 149 39 146 87 
37 12 157 39 146 88 
38 12 150 39 146 89 
38 12 157 39 146 90 
38 12 151 39 146 91 
38 12 153 39 146 92 
38 12 151 39 146 93 
38 12 158 39 146 94 
38 12 159 39 146 95 
38 12 157 39 146 96 
38 12 153 39 146 97 
38 12 150 39 146 98 
38 12 152 39 146 99 
38 12 153 39 146 100 
38 12 158 39 146 101 
38 12 154 39 146 102 
38 12 159 39 146 103 
38 12 158 39 146 104 
38 12 154 39 146 105 
38 12 155 39 146 106 
38 12 159 39 146 107 
37 12 157 39 146 108 
37 12 150 39 146 109 
37 12 159 39 146 110 
37 12 158 39 146 111 
37 12 155 39 146 112 
37 12 159 39 146 113 
37 12 160 39 146 114 
37 12 152 39 146 115 
35 13 155 39 146 116 
35 13 158 39 146 117 
35 13 152 39 146 118 
35 13 159 39 146 119 
35 13 154 39 146 120 
34 14 159 39 146 121 
34 14 159 39 146 122 
34 14 153 39 146 123 
34 14 150 39 146 124 
34 14 154 39 146 125 
34 14 151 39 146 126 
34 14 159 39 146 127 
34 14 151 39 146 128 
34 14 159 39 146 129 
34 14 157 39 146 130 
33 14 157 39 146 131 
33 14 158 39 146 132 
33 14 151 39 146 133 
33 14 155 39 146 134 
33 14 156 39 146 135 
33 14 158 39 146 136 
33 14 152 39 146 137 
33 14 158 39 145 138 
33 14 152 39 145 139 
33 14 158 39 145 140 
33 14 155 39 145 141 
33 14 152 39 145 142 
33 14 161 39 145 143 
33 14 157 39 145 144 
33 14 151 39 145 145 
33 14 158 39 145 146 
33 14 153 39 145 147 
33 14 152 39 145 148 
34 14 153 39 144 149 
34 14 157 39 144 150 
34 14 153 39 144 151 
34 14 158 39 144 152 
34 14 160 39 144 153 
34 14 151 39 144 154 
34 14 154 39 144 155 
34 14 155 39 144 156 
34 14 156 39 144 157 
34 14 153 39 144 158 
34 14 157 39 144 159 
34 14 152 39 144 160 
34 14 160 39 144 161 
33 14 158 39 144 162 
33 14 158 39 144 163 
33 14 152 39 144 164 
33 14 151 39 144 165 
33 14 153 39 144 166 
33 14 159 39 143 167 
33 14 156 39 143 168 
33 14 151 39 143 169 
32 15 160 39 143 170 
32 15 151 39 143 171
32 15 160 39 143 172 
32 15 154 39 143 173 
32 15 155 39 143 174 
31 15 153 39 143 175 
31 15 159 39 143 176 
31 15 152 39 143 177 
31 15 154 39 143 178 
31 15 160 39 143 179 
31 15 157 39 143 180 
31 15 160 39 144 181 
31 15 153 39 143 182 
31 15 159 39 143 183 
31 15 160 39 143 184 
31 15 153 39 143 185 
31 15 152 39 143 186 
32 15 153 39 143 187 
32 15 152 39 143 188 
32 15 157 39 143 189 
32 15 161 39 143 190 
32 15 153 39 143 191 
32 15 161 39 143 192 
32 15 158 39 143 193 
32 15 161 39 143 194 
32 15 159 39 143 195 
32 15 153 39 143 196 
32 15 152 39 143 197 
32 15 155 39 143 198 
32 15 161 39 143 199 
32 15 155 39 143 200 
32 15 156 39 142 201 
32 15 153 39 142 202 
32 15 161 39 142 203 
32 15 155 39 142 204 
32 15 154 39 142 205 
33 14 152 39 142 206 
33 14 154 39 142 207 
33 14 158 39 142 208 
32 15 154 39 142 209 
32 15 154 39 142 210 
32 15 156 39 139 211 
32 15 161 39 139 212 
      150 39 149 42
37 12 150 39 149 43 
37 12 153 39 149 44 
37 12 149 39 148 45 
37 12 155 39 148 46 
37 12 148 39 148 47 
37 12 154 39 148 48 
37 12 154 39 148 49 
37 12 148 39 148 50 
37 12 149 39 148 51 
37 12 157 39 148 52 
38 12 154 39 148 53 
38 12 148 39 148 54 
38 12 148 39 148 55 
38 12 157 39 148 56 
38 12 151 39 148 57 
38 12 157 39 148 58 
38 12 157 39 148 59 
38 12 150 39 148 60 
38 12 150 39 147 61 
38 12 157 39 147 62 
38 12 157 39 147 63 
37 12 148 39 147 64 
37 12 158 39 147 65 
37 12 150 39 147 66 
37 12 151 39 147 67 
37 12 157 39 147 68 
37 12 154 39 147 69 
37 12 154 39 147 70 
37 12 156 39 147 71 
37 12 158 39 147 72 
37 12 156 39 147 73 
37 12 149 39 147 74 
37 12 150 39 147 75 
37 12 151 39 147 76 
37 12 152 39 147 77 
37 12 151 39 147 78 
37 12 152 39 147 79 
37 12 158 39 147 80 
37 12 158 39 147 81 
37 12 159 39 147 82 
37 12 158 39 147 83 
37 12 156 39 147 84 
37 12 157 39 146 85 
  
10:21:24.515 -> Client started
