LoRa Receiver
The values inside the EEPROM are : 
	    42 1 99 0 4 
147 146 42 1 99 0 4 
148 146 42 1 99 0 4 
149 146 41 1 99 0 4 
150 146 41 1 91 0 3 
151 146 41 1 91 0 3 
152 146 41 1 99 0 4 
153 146 41 1 99 0 4 
154 146 41 1 99 0 4 155 146 41 1 98 0 4 156 146 42 1 99 0 4 157 146 41 1 99 0 4 158 146 41 1 99 0 4 159 146 42 1 99 0 4 160 146 41 1 99 0 4 161 146 41 1 99 0 4 162 146 41 1 99 0 4 163 146 41 1 99 0 5 164 146 41 1 99 0 5 165 146 41 1 99 0 4 166 146 41 1 99 0 4 167 146 41 1 99 0 4 168 146 41 1 99 0 4 169 146 41 1 99 0 4 170 146 41 1 99 0 4 171 146 41 1 99 0 4 172 146 41 1 99 0 5 173 146 41 1 99 0 4 174 146 41 1 99 0 4 175 146 41 1 100 0 4 176 146 41 1 99 0 4 177 146 41 1 99 0 4 178 146 41 1 99 0 4 179 146 41 1 92 0 3 180 146 41 1 99 0 4 181 146 41 1 99 0 5 182 146 41 1 99 0 5 183 146 41 1 89 0 3 184 146 41 1 91 0 3 185 146 41 1 89 0 2 186 146 41 1 97 0 6 187 146 41 1 96 0 7 0 3 42 42 41 1 98 0 3 43 43 41 1 90 0 2 44 44 41 1 98 0 4 45 45 41 1 98 0 3 46 46 41 1 98 0 3 47 47 41 1 90 0 2 48 48 41 1 98 0 3 49 49 41 1 98 0 3 50 50 41 1 99 0 3 51 51 41 1 98 0 3 52 52 41 1 98 0 3 53 53 41 1 98 0 3 54 54 41 1 98 0 3 55 55 41 1 98 0 3 56 56 42 1 98 0 1 57 57 42 1 90 0 2 58 58 42 1 98 0 3 59 59 42 1 98 0 3 60 60 42 1 98 0 3 61 61 42 1 98 0 4 62 62 42 1 98 0 4 63 63 42 1 99 0 4 64 64 42 1 98 0 4 65 65 42 1 99 0 4 66 66 42 1 90 0 3 67 67 42 1 99 0 4 68 68 42 1 98 0 4 69 69 42 1 99 0 4 70 70 42 1 99 0 4 71 71 42 1 99 0 4 72 72 42 1 99 0 4 73 73 42 1 99 0 4 74 74 42 1 99 0 4 75 75 42 1 99 0 4 76 76 42 1 99 0 4 77 77 42 1 99 0 4 78 78 42 1 99 0 5 79 79 42 1 99 0 4 80 80 42 1 99 0 4 81 81 42 1 99 0 4 82 82 42 1 99 0 5 83 83 42 1 99 0 5 84 84 42 1 99 0 5 85 85 42 1 99 0 5 86 86 42 1 99 0 4 87 87 42 1 99 0 5 88 88 42 1 99 0 5 89 89 42 1 91 0 3 90 90 42 1 99 0 4 91 91 42 1 98 0 3 92 92 42 1 99 0 4 93 93 42 1 100 0 4 94 94 42 1 90 0 3 95 95 42 1 91 0 3 96 96 42 1 99 0 4 97 97 42 1 99 0 4 98 98 42 1 98 0 4 99 99 42 1 99 0 3 100 100 42 1 99 0 4 101 101 42 1 90 0 2 102 102 42 1 99 0 4 103 103 42 1 99 0 4 104 104 42 1 99 0 4 105 105 42 1 98 0 4 106 106 42 1 99 0 4 107 107 42 1 99 0 4 108 108 42 1 99 0 4 109 109 42 1 91 0 2 110 110 42 1 90 0 2 111 111 42 1 99 0 4 112 112 42 1 99 0 4 113 113 42 1 99 0 4 114 114 42 1 99 0 4 115 115 42 1 91 0 2 116 116 42 1 99 0 4 117 117 42 1 98 0 4 118 118 42 1 99 0 4 119 119 42 1 99 0 4 120 120 42 1 99 0 4 121 121 42 1 99 0 4 122 122 42 1 99 0 4 123 123 42 1 99 0 4 124 124 42 1 99 0 4 125 126 42 1 91 0 3 126 127 42 1 99 0 4 127 128 42 1 98 0 4 128 129 42 1 99 0 4 129 130 42 1 98 0 4 130 131 42 1 99 0 4 131 132 42 1 99 0 4 132 133 42 1 99 0 4 133 134 42 1 99 0 4 
134 135 42 1 99 0 4 
135 136 42 1 99 0 4 
136 137 42 1 99 0 4 
137 138 42 1 100 0 4 
138 139 42 1 99 0 4 
139 140 42 1 98 0 4 
140 141 41 1 99 0 4 
141 142 42 1 99 0 4 
142 143 42 1 99 0 4 
143 144 42 1 99 0 4 
144 145 41 1 99 0 4 
145 146 42 1 99 0 4 
146 146  
