LoRa Sender
The values inside the EEPROM are : 
24 35 46 86 53 85 54 
1 26 23 43 46 85 54 
2 26 24 25 46 85 54 
3 26 24 36 46 85 53 
4 26 24 25 46 85 53 5 26 23 43 46 85 54 6 26 24 30 46 85 54 7 26 24 37 46 85 54 8 26 24 25 46 85 54 9 26 24 24 46 85 54 10 26 24 31 46 85 54 11 26 24 34 46 85 54 12 26 24 41 46 85 54 13 26 24 24 46 85 54 14 26 24 27 46 85 54 15 26 24 23 46 85 54 16 26 24 28 46 85 53 17 26 24 27 46 85 54 18 26 24 24 46 85 53 19 26 24 25 46 85 53 20 26 24 31 46 85 53 21 26 24 28 46 85 53 22 26 24 25 46 85 53 23 26 24 24 46 85 53 24 26 24 31 46 85 53 25 26 24 25 46 85 53 26 26 24 23 46 85 53 27 26 24 27 46 85 53 28 26 24 25 46 85 53 29 26 24 29 47 85 53 30 26 24 31 46 85 53 31 26 24 31 47 85 53 32 26 24 24 46 85 53 33 26 24 27 46 85 53 34 26 24 39 46 85 53 35 26 24 24 46 85 53 36 26 24 30 46 85 53 37 26 24 31 46 85 53 38 26 24 26 46 85 53 39 26 24 23 47 85 53 40 26 24 30 47 85 53 41 26 24 23 47 85 53 42 26 24 25 47 85 53 43 26 24 24 47 85 53 44 26 24 23 47 85 53 45 26 24 23 47 85 53 46 26 24 29 47 85 53 47 26 24 28 47 85 53 48 26 24 24 47 85 53 49 26 24 30 47 85 53 50 26 24 31 47 85 53 51 26 24 34 47 85 53 52 26 24 28 47 85 53 53 26 24 23 47 85 53 54 26 24 23 47 85 53 55 26 24 25 47 85 53 56 26 24 28 47 86 53 57 26 24 28 47 85 53 58 26 24 24 47 85 53 59 26 24 24 47 86 53 60 26 24 24 46 86 53 61 26 24 23 46 86 53 62 26 24 23 46 86 53 63 26 24 30 46 86 53 64 26 24 31 46 86 53 65 26 24 24 46 86 53 66 26 24 27 46 86 53 67 26 24 28 46 86 53 68 26 24 25 46 86 53 69 26 24 23 46 86 53 70 26 24 32 46 86 53 71 26 24 32 46 86 53 72 26 24 27 46 86 53 73 26 24 28 46 86 53 74 26 24 41 46 86 53 75 26 24 29 46 86 53 76 26 24 31 46 86 53 77 26 24 29 46 86 53 78 26 24 28 46 86 53 79 26 24 32 46 86 53 80 26 24 29 46 86 53 81 26 24 26 46 86 53 82 26 24 28 46 86 53 83 26 24 24 47 86 53 84 26 24 37 47 86 53 85 26 24 24 47 86 53 86 26 24 28 47 86 53 87 26 24 24 47 86 53 88 26 24 24 47 86 53 89 26 24 34 47 86 53 90 26 24 27 47 86 53 91 26 24 31 47 86 53 92 26 24 29 47 86 53 93 26 24 25 47 86 53 94 26 24 29 47 86 53 95 26 24 29 47 86 53 96 26 24 24 47 86 53 97 26 24 24 47 86 53 98 26 24 28 47 86 53 99 26 24 28 47 86 53 100 26 24 37 47 86 53 101 26 24 42 46 86 53 102 26 24 29 46 86 53 103 26 24 31 46 86 53 104 26 24 32 46 86 53 105 26 24 24 46 86 53 106 26 24 30 46 86 53 107 26 24 27 46 86 53 108 26 24 34 46 86 53 109 26 24 28 46 86 53 110 26 24 25 46 86 53 111 26 24 36 46 86 53 112 26 24 27 46 86 53 113 26 24 42 46 86 53 114 26 24 41 46 86 53 115 26 24 29 46 86 53 116 26 24 24 46 86 53 117 26 24 37 46 86 53 118 26 24 32 46 86 53 119 26 24 25 46 86 53 120 26 24 25 46 86 53 121 26 24 24 46 86 53 122 26 24 33 46 86 53 123 26 24 27 46 86 53 124 26 24 42 46 86 53 125 26 24 24 46 86 53 126 26 24 25 46 86 53 127 26 24 25 46 86 53 128 26 24 24 46 86 53 129 26 24 33 46 86 53 130 26 24 28 46 86 53 131 26 24 25 46 86 53 132 26 24 29 47 86 53 133 26 24 32 47 86 53 134 26 24 28 47 86 53 135 26 24 24 46 86 53 136 26 24 27 46 86 53 137 26 24 32 46 86 53 138 26 24 28 46 86 53 139 26 24 39 46 86 53 140 26 24 29 46 86 53 141 26 24 25 46 86 53 
142 26 24 29 46 86 53 
143 26 24 25 46 86 53 
144 26 24 28 46 86 53 
145 26 24 27 46 86 53 
146 26  
