The values inside the EEPROM are : 
		  206 171 
0 0 25 90 206 172 
0 0 25 90 206 173 
0 0 24 90 206 174 
0 0 25 90 206 175 
0 0 24 90 206 176 
0 0 24 90 206 177 
0 0 25 90 206 178 
0 0 24 90 206 179 
0 0 24 90 206 180 
0 0 25 90 206 181 0 0 25 90 206 182 0 0 24 90 206 183 0 0 24 90 206 184 0 0 25 90 206 185 0 0 25 90 206 186 0 0 25 90 206 187 0 0 24 90 206 188 0 0 25 90 206 189 0 0 25 90 206 190 0 0 24 89 206 191 0 0 25 89 206 192 0 0 24 89 206 193 0 0 24 89 206 194 0 0 25 89 206 195 0 0 24 89 206 196 0 0 25 89 206 197 0 0 25 89 206 198 0 0 25 89 206 199 0 0 24 89 206 200 0 0 25 89 207 201 0 0 24 89 207 202 0 0 25 89 206 203 0 0 25 89 206 204 0 0 25 89 206 205 0 0 24 89 206 206 0 0 25 89 206 207 0 0 25 89 206 208 0 0 24 89 206 209 0 0 25 89 206 210 0 0 24 89 206 211 0 0 24 89 206 212 0 0 24 89 206 213 0 0 25 89 206 214 0 0 25 89 206 215 0 0 24 89 206 216 0 0 25 89 206 217 0 0 25 89 206 218 0 0 24 89 206 219 0 0 25 89 206 220 0 0 24 89 206 221 0 0 25 89 206 222 0 0 25 89 206 223 0 0 25 89 206 224 0 0 25 89 206 225 0 0 25 89 206 226 0 0 25 89 206 227 0 0 25 88 206 228 0 0 25 88 206 229 0 0 25 89 206 230 0 0 25 88 206 231 0 0 25 88 206 232 0 0 25 88 206 233 0 0 25 88 206 234 0 0 25 88 206 235 0 0 25 88 206 236 0 0 25 88 206 237 0 0 25 88 206 238 0 0 25 88 206 239 0 0 25 88 206 240 0 0 25 88 206 241 0 0 25 88 206 242 0 0 25 88 206 243 0 0 24 88 207 244 0 0 24 88 207 245 0 0 25 88 207 246 0 0 24 88 207 247 0 0 25 88 206 248 0 0 25 88 206 249 0 0 25 88 206 250 0 0 25 88 206 251 0 0 25 88 206 252 0 0 25 88 206 253 0 0 25 88 206 254 0 0 25 88 206 255 0 0 25 88 206 0 0 0 25 88 206 1 0 0 25 88 206 2 0 0 25 88 206 3 0 0 24 88 206 4 0 0 24 88 206 5 0 0 25 88 206 6 0 0 25 88 206 7 0 0 25 88 206 8 0 0 25 88 207 9 0 0 25 88 206 10 0 0 25 88 206 11 0 0 25 88 206 12 0 0 25 88 206 13 0 0 25 88 207 14 0 0 25 88 207 15 0 0 25 88 207 16 0 0 25 88 207 17 0 0 25 88 207 18 0 0 25 88 207 19 0 0 25 88 207 20 0 0 25 88 207 21 0 0 25 88 207 22 0 0 25 87 207 23 0 0 25 88 207 24 0 0 25 88 207 25 0 0 25 88 207 26 0 0 25 88 207 27 0 0 25 87 207 28 0 0 25 87 207 29 0 0 25 87 207 30 0 0 25 87 207 31 0 0 25 87 207 32 0 0 25 87 207 33 0 0 25 87 207 34 0 0 25 87 207 35 0 0 25 87 207 36 0 0 25 87 207 37 0 0 25 87 207 38 0 0 25 87 207 39 0 0 25 87 207 40 0 0 25 87 207 41 0 0 25 87 207 42 0 0 25 87 207 43 0 0 25 87 207 44 0 0 25 87 207 45 0 0 25 87 207 46 0 0 25 87 207 47 0 0 25 87 207 48 0 0 25 87 207 49 0 0 25 87 207 50 0 0 25 87 207 51 0 0 25 87 207 52 0 0 25 87 207 53 0 0 25 87 207 54 0 0 25 87 207 55 0 0 25 87 207 56 0 0 25 87 207 57 0 0 25 87 207 58 0 0 25 87 207 59 0 0 25 87 207 60 0 0 25 87 207 61 0 0 25 87 207 62 0 0 25 86 207 63 0 0 25 87 207 64 0 0 25 86 207 65 0 0 25 86 207 66 0 0 25 86 207 67 0 0 25 86 207 68 0 0 25 86 207 69 0 0 25 86 207 70 0 0 25 86 207 71 0 0 25 86 207 72 0 0 25 86 207 73 0 0 25 86 207 74 0 0 25 86 207 75 0 0 25 86 207 76 0 0 25 86 207 77 0 0 25 86 206 78 0 0 25 104 206 79 0 0 24 0 207 80 0 0 24 0 208 81 0 0 24 0 208 82 25 90 206 168 0 0 25 90 206 169 0 0 24 90 206 170 0 0 24 90  
Client started
