The values inside the EEPROM are : 
	  26 0 207 86 
26 25 26 0 207 87 
26 27 26 0 207 88 
26 25 26 0 207 89 
26 25 26 0 207 90 
26 25 26 0 207 91 
26 25 26 0 207 92 
26 25 26 0 207 93 
26 25 26 0 207 94 
26 25 26 0 207 95 
26 25 26 0 207 96 
26 25 26 0 207 97 
26 25 26 0 207 98 
26 25 26 0 207 99 
26 25 26 0 207 100 
26 25 26 0 207 101 
26 25 26 0 207 102 26 25 26 0 206 103 26 25 26 0 207 104 26 25 26 0 207 105 26 25 26 0 206 106 26 25 26 0 206 107 26 25 26 0 206 108 26 25 26 0 206 109 26 25 26 0 206 110 26 27 26 0 207 111 26 25 26 0 207 112 26 25 26 0 206 113 26 25 26 0 206 114 26 25 26 0 207 115 26 25 26 0 207 116 26 25 26 0 207 117 26 25 26 0 207 118 26 25 26 0 206 119 26 25 26 0 206 120 26 25 26 0 207 121 26 25 26 0 208 122 26 27 26 0 208 123 26 27 26 0 208 124 26 27 26 0 208 125 26 25 26 0 208 126 26 25 26 0 208 127 26 0 206 213 25 25 26 0 204 214 25 25 26 0 205 215 25 25 26 0 205 216 25 25 26 0 205 217 25 25 26 0 205 218 25 25 26 0 205 219 25 25 26 0 206 220 25 25 26 0 206 221 25 25 26 0 206 222 25 25 26 0 207 223 25 25 26 0 206 224 25 25 26 0 206 225 25 25 26 0 206 226 25 25 26 0 206 227 25 25 26 0 207 228 25 25 26 0 207 229 25 25 26 0 207 230 25 25 26 0 207 231 25 25 26 0 207 232 25 25 26 0 207 233 25 25 26 0 207 234 25 25 26 0 206 235 25 25 26 0 206 236 25 25 26 0 206 237 25 25 26 0 206 238 25 25 26 0 206 239 25 25 26 0 207 240 25 25 26 0 207 241 25 25 26 0 207 242 25 25 26 0 207 243 25 25 26 0 206 244 25 25 26 0 206 245 25 25 26 0 207 246 25 25 26 0 207 247 25 25 26 0 207 248 25 25 26 0 207 249 25 25 26 0 207 250 25 25 26 0 207 251 25 25 26 0 207 252 25 25 26 0 207 253 25 25 26 0 207 254 25 25 26 0 207 255 25 25 26 0 207 0 25 25 26 0 207 1 25 25 26 0 207 2 25 25 26 0 207 3 25 25 26 0 207 4 25 25 26 0 207 5 25 25 26 0 207 6 25 25 26 0 207 7 25 25 26 0 207 8 25 25 26 0 207 9 25 25 26 0 207 10 25 25 26 0 207 11 25 25 26 0 207 12 25 25 26 0 207 13 25 25 26 0 207 14 25 25 26 0 207 15 25 25 26 0 207 16 25 25 26 0 207 17 25 25 26 0 207 18 26 25 26 0 207 19 25 25 26 0 207 20 25 25 26 0 207 21 26 25 26 0 207 22 26 25 26 0 207 23 26 25 26 0 207 24 26 25 26 0 208 25 26 25 26 0 207 26 26 25 26 0 207 27 26 25 26 0 207 28 25 25 26 0 207 29 26 25 26 0 208 30 26 25 26 0 207 31 26 25 26 0 207 32 25 25 26 0 207 33 26 25 26 0 207 34 25 25 26 0 208 35 26 25 26 0 208 36 26 25 26 0 208 37 25 25 26 0 208 38 25 25 26 0 207 39 25 25 26 0 207 40 25 25 26 0 207 41 25 25 26 0 207 42 26 25 26 0 207 43 25 25 26 0 207 44 25 25 26 0 207 45 26 25 26 0 207 46 26 25 26 0 207 47 26 25 26 0 207 48 25 25 26 0 207 49 25 25 26 0 207 50 26 25 26 0 207 51 25 25 26 0 207 52 26 25 26 0 207 53 26 25 26 0 207 54 25 25 26 0 207 55 26 25 26 0 207 56 26 25 26 0 207 57 26 25 26 0 207 58 26 25 26 0 207 59 26 25 26 0 207 60 26 27 26 0 207 61 26 25 26 0 207 62 26 25 26 0 207 63 26 25 26 0 207 64 26 25 26 0 207 65 26 25 26 0 207 66 26 25 26 0 207 67 26 25 26 0 208 68 26 25 26 0 207 69 26 25 26 0 207 70 26 25 26 0 207 71 26 25 26 0 207 72 26 25 26 0 207 73 26 25 26 0 208 74 26 25 26 0 208 75 26 25 26 0 207 76 26 25 26 0 207 77 26 25 26 0 207 78 26 25 26 0 207 79 26 25 26 0 207 80 26 25 26 0 207 81 26 25 26 0 207 82 26 25 26 0 207 83 26 25 26 0 207 84 26 25 26 0 207 85 26 25  
Client started
