The values inside the EEPROM are : 
		   207 171 
30 16 39 0 207 172 
30 16 39 0 207 173 
30 16 39 0 207 174 
30 16 40 0 207 175 
30 16 40 0 207 176 
30 16 40 0 207 177 
30 16 40 0 207 178 
30 16 40 0 207 179 
30 16 40 0 207 180 
30 16 40 0 207 181 
30 16 40 0 207 182 30 16 40 0 207 183 30 16 40 0 207 184 30 16 40 0 207 185 30 16 40 0 207 186 30 16 40 0 207 187 30 16 40 0 207 188 30 16 40 0 207 189 30 16 40 0 207 190 30 16 40 0 207 191 30 16 40 0 207 192 30 16 40 0 207 193 30 16 40 0 207 194 30 16 40 0 207 195 30 16 40 0 207 196 30 16 40 0 207 197 30 16 40 0 207 198 30 16 40 0 207 199 30 16 40 0 207 200 30 16 40 0 207 201 30 16 40 0 207 202 30 16 40 0 207 203 30 16 40 0 207 204 30 16 40 0 207 205 30 16 40 0 207 206 30 16 40 0 207 207 30 16 40 0 207 208 30 16 40 0 207 209 30 16 40 0 207 210 30 16 40 0 207 211 30 16 40 0 207 212 30 16 40 0 207 213 30 16 40 0 207 214 30 16 40 0 207 215 30 16 40 0 207 216 30 16 40 0 207 217 30 16 40 0 207 218 30 16 40 0 207 219 30 16 40 0 207 220 30 16 41 0 207 221 30 16 41 0 207 222 30 16 41 0 207 223 30 16 41 0 207 224 30 16 41 0 207 225 30 16 41 0 207 226 30 16 41 0 207 227 30 16 41 0 207 228 30 16 41 0 207 229 30 16 41 0 207 230 30 16 41 0 207 231 30 16 41 0 207 232 30 16 41 0 207 233 30 16 41 0 207 234 30 16 42 0 206 235 30 16 42 0 206 236 30 16 41 0 206 237 30 16 41 0 206 238 37 0 207 68 30 16 37 0 207 69 30 16 37 0 207 70 30 16 37 0 207 71 30 16 37 0 207 72 30 16 37 0 207 73 30 16 37 0 207 74 30 16 37 0 207 75 30 16 37 0 207 76 30 16 37 0 207 77 30 16 37 0 207 78 30 16 37 0 207 79 30 16 37 0 207 80 30 16 37 0 207 81 30 16 37 0 207 82 30 16 37 0 207 83 30 16 37 0 207 84 30 16 37 0 207 85 30 16 37 0 207 86 30 16 37 0 207 87 30 16 37 0 207 88 30 16 38 0 207 89 30 16 37 0 207 90 30 16 38 0 207 91 30 16 38 0 207 92 30 16 38 0 207 93 30 16 38 0 207 94 30 16 38 0 207 95 30 16 38 0 207 96 30 16 38 0 207 97 30 16 38 0 207 98 30 16 38 0 207 99 30 16 38 0 207 100 30 16 38 0 207 101 30 16 38 0 207 102 30 16 38 0 207 103 30 16 38 0 207 104 30 16 38 0 207 105 30 16 38 0 207 106 30 16 38 0 207 107 30 16 38 0 207 108 30 16 38 0 207 109 30 16 38 0 207 110 30 16 38 0 207 111 30 16 38 0 207 112 30 16 38 0 207 113 30 16 38 0 207 114 30 16 38 0 207 115 30 16 38 0 207 116 30 16 38 0 207 117 30 16 38 0 207 118 30 16 38 0 207 119 30 16 38 0 207 120 30 16 38 0 207 121 30 16 38 0 207 122 30 16 38 0 207 123 30 16 38 0 207 124 30 16 38 0 207 125 30 16 38 0 207 126 30 16 39 0 207 127 30 16 38 0 207 128 30 16 38 0 207 129 30 16 39 0 207 130 30 16 39 0 207 131 30 16 39 0 207 132 30 16 39 0 207 133 30 16 39 0 207 134 30 16 39 0 207 135 30 16 39 0 207 136 30 16 39 0 207 137 30 16 39 0 207 138 30 16 39 0 207 139 30 16 39 0 207 140 30 16 39 0 207 141 30 16 39 0 207 142 30 16 39 0 207 143 30 16 39 0 207 144 30 16 39 0 207 145 30 16 39 0 207 146 30 16 39 0 207 147 30 16 39 0 207 148 30 16 39 0 207 149 30 16 39 0 207 150 30 16 39 0 207 151 30 16 39 0 207 152 30 16 39 0 207 153 30 16 39 0 207 154 30 16 39 0 207 155 30 16 39 0 207 156 30 16 39 0 207 157 30 16 39 0 207 158 30 16 39 0 207 159 30 16 39 0 207 160 30 16 39 0 207 161 30 16 39 0 207 162 30 16 39 0 207 163 30 16 39 0 207 164 30 16 39 0 207 165 30 16 39 0 207 166 30 16 39 0 207 167 30 16 39 0 207 168 30 16 39 0 207 169 30 16 39 0 207 170 30 16 39 0  
Client started
