14:52:26.673 -> The values inside the EEPROM are : 
1 2 0 
2 4 0 
3 5 0 
4 6 0 
5 8 0 
6 8 0 
7 8 0 
8 10 0 
9 12 0 
10 12 0 
11 18 0 
12 19 0 
13 21 0 
14 22 0 
15 22 0 
16 22 0 
17 22 0 
18 24 0 
19 24 0 
20 24 0 
21 25 0 
22 25 0 
23 25 0 
24 25 0 
25 27 0 
26 30 0 
27 31 0 
28 32 0 
29 34 0 
30 36 0 
31 44 0 
32 45 0 
33 47 0 
34 47 0 
35 49 0 
36 49 0 
37 49 0 
38 51 0 
39 52 0 
40 52 0 
41 53 0 
42 54 0 
43 55 0 
44 58 0 
45 62 0 
46 62 0 
47 62 0 
48 62 0 
49 63 0 
50 63 0 
51 66 0 
52 66 0 
53 69 0 
54 69 0 
55 69 0 
56 70 0 
57 71 0 
58 72 0 
59 72 0 
60 72 0 
61 73 0 
62 78 0 
63 81 0 
64 81 0 
65 83 0 
66 83 0 
67 84 0 
14:52:26.860 -> Server started