The values inside the EEPROM are :            
45 8 47 0 228 172
45 8 48 0 228 173 
45 8 51 0 228 174 
45 8 51 0 228 175 
45 8 48 0 228 176 
45 8 45 0 227 177 
45 8 45 0 227 178 
45 8 45 0 227 179 
45 8 48 0 227 180 
45 8 46 0 227 181 
45 8 51 0 227 182 
45 8 47 0 227 183 
45 8 46 0 227 184 
45 8 51 0 227 185 
45 8 51 0 227 186 
45 8 51 0 227 187 
45 8 47 0 227 188 
45 8 46 0 227 189 
45 8 51 0 227 190 
45 8 47 0 227 191 
45 8 47 0 226 192 
45 8 49 0 226 193 
45 8 51 0 226 194 
45 8 51 0 226 195 
45 8 51 0 226 196 
45 8 51 0 226 197 
45 8 51 0 226 198 
45 8 47 0 226 199 
45 8 48 0 226 200 
45 8 51 0 226 201 
45 8 49 0 226 202 
45 8 46 0 225 203 
45 8 50 0 225 204 
45 8 52 0 225 205 
45 8 46 0 225 206 
45 8 49 0 225 207 
45 8 46 0 225 208 
45 8 51 0 225 209 
45 8 46 0 225 210 
45 8 47 0 225 211 
45 8 46 0 225 212 
45 8 46 0 225 213 
45 8 48 0 225 214 
45 8 52 0 225 215 
45 8 50 0 225 216 
45 8 51 0 224 217 
45 8 52 0 224 218 
45 8 52 0 224 219 
45 8 47 0 224 220 
45 8 52 0 224 221 
45 8 50 0 224 222 
45 8 48 0 224 223 
45 8 52 0 224 224 
45 8 49 0 224 225 
45 8 47 0 224 226 
45 8 52 0 224 227 
45 8 48 0 224 228 
45 8 53 0 224 229 
45 8 53 0 224 230 
45 8 51 0 223 231 
45 8 53 0 223 232 
45 8 47 0 223 233 
45 8 50 0 223 234 
45 8 48 0 223 235 
45 8 52 0 223 236 
45 8 53 0 223 237 
45 8 53 0 223 238 
45 8 52 0 223 239 
45 8 51 0 223 240 
45 8 53 0 223 241 
45 8 47 0 223 242 
45 8 53 0 223 243 
45 8 53 0 223 244 
45 8 52 0 222 245 
45 8 53 0 222 246 
45 8 53 0 222 247 
45 8 50 0 222 248 
45 8 48 0 222 249 
45 8 48 0 222 250
45 8 49 0 222 251 
45 8 51 0 222 252 
45 8 52 0 222 253 
45 8 53 0 221 254 
45 8 53 0 221 255 
45 8 48 0 221 0 
45 8 53 0 221 1 
45 8 52 0 221 2 
45 8 53 0 221 3 
45 8 49 0 221 4 
45 8 52 0 221 5 
45 8 52 0 221 6 
45 8 53 0 221 7 
45 8 48 0 221 8 
45 8 52 0 221 9 
45 8 51 0 221 10 
45 8 54 0 220 11 
45 8 50 0 220 12 
45 8 54 0 220 13 
45 8 50 0 220 14 
45 8 54 0 220 15 
45 8 54 0 220 16 
45 8 52 0 220 17 
45 8 54 0 220 18 
45 8 53 0 220 19 
45 8 49 0 220 20 
45 8 54 0 220 21 
45 8 49 0 220 22 
45 8 54 0 220 23 
45 8 50 0 219 24 
45 8 50 0 219 25 
45 8 49 0 219 26 
45 8 51 0 219 27 
45 8 52 0 219 28 
45 8 54 0 219 29 
45 8 54 0 219 30 
45 8 51 0 219 31 
45 8 49 0 219 32 
45 8 49 0 219 33 
45 8 49 0 219 34 
45 8 49 0 219 35 
45 8 51 0 218 36 
45 8 54 0 218 37 
45 8 51 0 218 38 
45 8 50 0 218 39 
45 8 49 0 218 40 
45 8 50 0 218 41 
45 8 51 0 217 42 
45 8 55 0 218 43 
45 8 53 0 217 44 
45 8 50 0 213 45 
45 8 54 0 106 46 
45 8 54 0 100 47 
45 8 54 0 100 48 
     44 0 231 134 
45 8 49 0 231 135 
45 8 49 0 230 136 
45 8 46 0 230 137 
45 8 46 0 230 138 
45 8 49 0 230 139 
45 8 45 0 230 140 
45 8 47 0 230 141 
45 8 49 0 230 142 
45 8 48 0 230 143 
45 8 47 0 230 144 
45 8 48 0 230 145 
45 8 48 0 230 146 
45 8 50 0 229 147 
45 8 44 0 229 148 
45 8 50 0 229 149 
45 8 45 0 229 150 
45 8 49 0 229 151 
45 8 50 0 229 152 
45 8 47 0 229 153 
45 8 47 0 229 154 
45 8 50 0 229 155 
45 8 50 0 229 156 
45 8 44 0 229 157 
45 8 44 0 229 158 
45 8 50 0 229 159 
45 8 49 0 229 160 
45 8 50 0 229 161 
45 8 50 0 229 162 
45 8 46 0 228 163 
45 8 46 0 228 164 
45 8 46 0 228 165 
45 8 45 0 228 166 
45 8 50 0 228 167 
45 8 45 0 228 168 
45 8 45 0 228 169 
45 8 45 0 228 170 
45 8 45 0 228 171 
14:55:57.625 -> Client started
