LoRa Sender
The values inside the EEPROM are : 
20 46 55 202 65 202 65 
1 33 20 34 56 202 65 
2 33 20 32 55 202 65 
3 33 20 38 56 202 65 
4 33 20 37 56 202 65 
5 33 20 41 56 202 65 
6 33 20 36 56 202 65 
7 33 20 34 55 202 65 
8 33 20 38 56 202 65 9 33 20 32 55 202 65 10 33 20 47 56 202 65 11 33 20 41 55 202 65 12 33 20 46 56 202 65 13 33 20 38 56 202 65 14 33 20 31 55 202 65 15 33 20 35 56 202 65 16 33 20 41 56 202 65 17 33 20 34 55 202 65 18 33 20 38 55 202 65 19 33 20 34 55 202 65 20 33 20 34 55 202 65 21 33 20 47 56 202 65 22 33 20 36 55 202 65 23 33 20 47 55 202 65 24 33 20 39 56 202 65 25 33 20 32 56 202 65 26 33 20 32 55 202 65 27 33 20 33 55 202 65 28 33 20 41 55 202 65 29 33 20 31 55 202 65 30 33 20 31 55 202 65 31 33 20 38 55 202 65 32 33 20 39 55 202 65 33 33 20 40 55 202 65 34 33 20 39 56 202 65 35 33 20 32 55 202 65 36 33 20 43 55 202 65 37 33 20 35 55 202 65 38 33 20 40 55 202 65 39 33 20 32 56 202 65 40 33 20 40 55 202 65 41 33 20 34 55 202 65 42 33 20 34 55 202 65 43 34 20 38 54 202 65 44 34 20 40 56 202 65 45 33 20 40 55 202 65 46 34 20 33 55 202 65 47 34 20 40 55 202 65 48 34 20 42 56 202 65 49 34 20 46 56 202 65 50 34 20 32 55 202 65 51 34 20 35 55 202 65 52 34 20 40 55 202 65 53 34 20 31 56 202 65 54 34 20 32 56 202 65 55 34 20 31 55 202 65 56 34 20 38 55 202 65 57 34 20 33 55 202 65 58 34 20 40 56 202 65 59 34 20 32 56 202 65 60 34 20 35 55 202 65 61 34 20 46 55 202 65 62 34 20 39 55 202 65 63 34 20 33 56 202 65 64 34 20 36 56 202 65 65 34 20 45 55 202 65 66 34 20 31 56 202 65 67 34 20 43 55 202 65 68 34 20 34 54 202 65 69 34 20 33 56 202 65 70 34 20 37 55 202 65 71 34 20 34 55 202 65 72 34 20 41 55 202 65 73 34 20 32 56 202 65 74 34 20 31 54 202 65 75 34 20 31 55 202 65 76 34 20 35 55 202 65 77 34 20 31 55 202 65 78 34 20 32 56 202 65 79 34 20 40 56 202 65 80 34 20 31 55 202 65 81 34 20 39 55 202 65 82 34 20 33 55 202 65 83 34 20 35 54 202 65 84 34 20 41 55 202 65 85 34 20 45 55 202 65 86 34 20 35 55 202 65 87 34 20 33 55 202 65 88 34 20 32 54 202 65 89 34 20 40 56 202 65 90 34 20 41 55 202 65 91 34 20 38 55 202 65 92 34 20 32 55 202 65 93 34 20 38 56 202 65 94 34 20 40 56 202 65 95 34 20 31 55 202 65 96 34 20 38 55 202 65 97 34 20 32 55 202 65 98 34 20 35 54 202 65 99 34 20 36 56 202 65 100 34 20 31 55 202 65 101 34 20 31 55 202 65 102 34 20 38 54 202 65 103 34 20 35 56 202 65 104 34 20 34 55 202 65 105 34 20 32 55 202 65 106 34 20 39 56 202 65 107 34 20 40 54 202 65 108 34 20 42 55 202 65 109 34 20 46 55 202 65 110 34 20 44 56 202 65 111 34 20 42 55 202 65 112 34 20 31 55 202 65 113 34 20 34 54 202 65 114 34 20 31 55 202 65 115 34 20 37 55 202 65 116 34 20 34 55 202 65 117 34 20 31 56 202 65 118 34 20 38 55 202 65 119 34 20 34 55 202 65 120 34 20 38 55 202 65 121 34 20 33 55 202 65 122 34 20 47 56 202 65 123 34 20 40 55 202 65 124 34 20 40 55 202 65 125 34 20 41 56 202 65 126 34 20 33 55 202 65 127 34 20 41 55 202 65 128 34 20 43 54 202 65 129 34 20 33 56 202 65 130 34 20 40 55 202 65 131 34 20 40 55 202 65 132 34 20 34 54 202 65 133 34 20 34 56 202 65 134 34 20 35 55 202 65 135 34 20 33 55 202 65 136 34 20 35 55 202 65 137 34 20 31 55 202 65 138 34 20 38 56 202 65 
139 34 20 33 55 202 65 
140 34 20 44 55 202 65 
141 34 20 31 54 202 65 
142 34 20 31 54 202 65 
143 34 20 44 54 202 65 
144 34 20 40 56 202 65 
145 34 20 41 55 202 65 