12:52:29.356 -> The values inside the EEPROM are : 
29 16 27 119 229 171 
29 16 33 120 229 172 
29 16 32 120 229 173 
29 16 41 119 229 174 
29 16 42 119 229 175 
29 16 30 120 229 176 
29 16 32 120 229 177 
29 16 32 120 229 178 
29 16 30 119 229 179 
29 16 28 120 229 180 
29 16 38 120 229 181 
29 16 28 120 229 182 
29 16 27 120 229 183 
29 16 27 120 229 184 
29 16 37 120 228 185 
29 16 35 120 228 186 
29 16 33 120 228 187 
29 16 27 119 228 188 
29 16 33 120 228 189 
29 16 28 120 228 190 
29 16 30 120 228 191 
29 16 28 120 228 192 
29 16 45 120 228 193 
29 16 27 120 228 194 
29 16 43 120 228 195 
29 16 31 120 228 196 
29 16 32 120 228 197 
29 16 28 120 228 198 
29 16 36 120 228 199 
29 16 28 120 228 200 
29 16 32 120 228 201 
29 16 35 120 228 202 
29 16 31 120 228 203 
29 16 28 120 228 204 
29 16 27 120 228 205 
29 16 28 120 228 206 
29 16 32 120 228 207 
29 16 27 120 228 208 
29 16 28 120 228 209 
29 16 27 120 228 210 
29 16 36 120 228 211 
29 16 34 120 228 212 
29 16 29 120 228 213 
29 16 32 120 228 214 
29 16 34 120 228 215 
29 16 42 120 228 216 
29 16 29 120 228 217 
29 16 43 120 228 218 
29 16 36 120 228 219 
29 16 29 120 228 220 
29 16 27 120 228 221 
29 16 28 120 228 222 
29 16 40 120 228 223 
29 16 34 120 228 224 
29 16 28 118 228 225 
29 16 30 120 228 226 
29 16 30 120 228 227 
29 16 45 119 227 228 
29 16 27 120 227 229 
29 16 27 120 227 230 
29 16 29 120 227 231 
29 16 36 120 227 232 
29 16 30 120 227 233 
29 16 27 120 227 234 
29 16 30 120 227 235 
29 16 29 120 227 236 
29 16 38 120 227 237 
29 16 30 117 227 238 
29 16 31 120 227 239 
29 16 29 128 226 240 
29 16 36 132 227 241 
29 16 34 140 224 242 
26 119 235 72 
28 17 32 119 235 73 
28 17 26 119 235 74 
28 17 26 119 234 75 
28 17 36 119 234 76 
28 17 26 119 234 77
28 17 36 119 234 78 
28 17 34 119 234 79 
28 17 42 119 234 80 
28 17 27 119 234 81 
28 17 30 119 234 82 
28 17 27 119 234 83 
28 17 35 119 234 84 
28 17 34 119 234 85 
28 17 28 119 234 86 
28 17 26 119 234 87 
28 17 31 119 234 88 
28 17 26 119 234 89 
28 17 26 119 234 90 
28 17 36 119 234 91 
28 17 35 119 234 92 
28 17 27 119 234 93 
28 17 27 119 234 94 
28 17 33 119 234 95 
28 17 26 119 234 96 
28 17 31 119 233 97 
28 17 26 119 233 98 
28 17 26 119 233 99 
28 17 32 119 233 100 
28 17 29 119 233 101 
28 17 28 119 233 102 
28 17 33 119 233 103 
28 17 28 119 233 104 
28 17 26 119 233 105 
28 17 41 119 233 106 
28 17 31 119 233 107 
28 17 27 119 233 108 
28 17 27 119 233 109 
28 17 33 119 232 110 
28 17 26 119 232 111 
28 17 31 119 232 112 
28 17 36 119 232 113 
28 17 27 119 232 114 
28 17 29 119 232 115 
28 17 29 119 232 116 
28 17 27 119 232 117 
28 17 30 119 232 118 
28 17 29 119 232 119 
28 17 36 119 232 120 
28 17 36 119 232 121 
28 17 27 119 232 122 
28 17 43 119 232 123 
28 17 32 119 232 124 
28 17 31 119 232 125 
28 17 27 119 232 126 
28 17 28 119 232 127 
28 17 27 120 232 128 
29 16 36 119 232 129 
28 17 27 119 232 130 
29 16 31 120 232 131 
29 16 28 119 232 132 
29 16 27 120 231 133 
29 16 29 120 231 134 
29 16 37 119 231 135 
28 17 34 120 231 136 
28 17 26 119 231 137 
29 16 40 120 231 138 
29 16 34 119 231 139 
28 17 35 120 231 140 
29 16 28 119 231 141 
29 16 29 119 231 142 
29 16 37 119 231 143 
29 16 27 119 231 144 
29 16 36 119 231 145 
29 16 37 119 231 146 
29 16 28 119 231 147 
29 16 27 119 231 148 
29 16 45 120 231 149 
29 16 31 120 231 150 
29 16 36 119 231 151 
29 16 27 120 231 152 
29 16 35 120 231 153 
29 16 32 120 230 154 
29 16 28 119 230 155 
29 16 28 120 230 156 
29 16 29 119 230 157 
29 16 27 120 230 158 
29 16 45 120 230 159 
29 16 32 119 230 160 
29 16 27 120 230 161 
29 16 29 120 230 162 
29 16 35 120 230 163 
29 16 37 119 230 164 
29 16 27 119 230 165 
29 16 28 120 230 166 
29 16 27 120 230 167 
29 16 33 119 229 168 
29 16 37 120 229 169 
29 16 29 119 229 170   