The values inside the EEPROM are : 
1 1 0 
2 2 0 
3 3 0 
4 3 0 
5 3 0 
6 3 0 
7 3 0 
8 3 0 
9 3 0 
10 3 0 
11 3 0 
12 3 0 
13 3 0 
14 3 0 
15 3 0 
16 3 0 
17 4 0 
18 7 0 
19 7 0 
20 7 0 
21 7 0 
22 7 0 
23 9 0 
24 11 0 
25 11 0 
26 11 0 
27 11 0 
28 12 0 
29 12 0 
30 13 0 
31 13 0 
32 13 0 
33 13 0 
34 15 0 
35 15 0 
36 15 0 
37 15 0 
38 15 0 
39 15 0 
40 15 0 
41 15 0 
42 16 0 
43 16 0 
44 17 0 
45 17 0 
46 17 0 
47 19 0 
48 21 0 
49 21 0 
50 21 0 
51 21 0 
52 21 0 
53 21 0 
54 21 0 
55 22 0 
56 22 0 
57 23 0 
58 23 0 
59 24 0 
60 25 0 
61 25 0 
62 25 0 
63 25 0 
64 25 0 
65 25 0 
66 25 0 
67 25 0 
68 25 0 
69 25 0 
70 25 0 
71 25 0 
72 26 0 
73 27 0 
74 27 0 
75 27 0 
76 27 0 
77 27 0 
78 28 0 
79 28 0 
80 29 0 
81 29 0 
82 30 0 
83 31 0 
84 32 0 
85 33 0 
86 33 0 
87 33 0 
88 33 0 
89 35 0 
90 36 0 
91 36 0 
92 36 0 
93 36 0 
94 36 0 
95 36 0 
96 36 0 
97 38 0 
98 39 0 
99 39 0 
100 39 0 
101 41 0 
102 41 0 
103 41 0 
104 41 0 
105 42 0 
106 42 0 
107 43 0 
108 43 0 
109 43 0 
110 43 0 
111 43 0 
112 43 0 
113 43 0 
114 43 0 
115 43 0 
116 43 0 
117 43 0 
118 43 0 
119 43 0 
120 44 0 
121 44 0 
122 44 0 
123 44 0 

17:02:34.810 -> Server started
