The values inside the EEPROM are :             
35 19 29 0 1 172 
35 19 34 0 1 173 
35 19 33 0 1 174 
35 19 36 0 1 175 
35 19 32 0 1 176 
35 19 34 0 1 177 
35 19 35 0 1 178 
35 19 29 0 1 179 
35 19 36 0 1 180 
35 19 29 0 1 181 
35 19 35 0 1 182 
35 19 29 0 1 183 
35 19 33 0 1 184 
35 19 31 0 1 185 
35 19 33 0 1 186 
35 19 33 0 1 187 
35 19 29 0 1 188 
35 19 35 0 1 189 
35 19 35 0 1 190 
35 19 34 0 1 191 
35 19 33 0 1 192 
35 19 35 0 1 193 
35 19 36 0 1 194 
35 19 31 0 1 195 
35 19 30 0 1 196 
35 19 32 0 1 197 
35 19 36 0 1 198 
35 19 35 0 0 199 
35 19 36 0 0 200 
35 19 31 0 1 201 
35 19 37 0 251 202 
35 19 35 0 251 203 
35 19 29 0 252 204 
      37 0 1 34 
36 20 32 0 1 35 
36 20 29 0 1 36 
36 19 36 0 1 37 
35 20 29 0 1 38 
36 19 36 0 1 39 
36 20 30 0 1 40 
35 20 32 0 1 41 
36 19 33 0 1 42 
36 19 34 0 1 43 
35 20 36 0 1 44 
35 19 29 0 1 45 
35 19 29 0 1 46 
35 19 36 0 1 47 
36 19 36 0 1 48 
35 19 36 0 1 49 
35 19 35 0 1 50 
36 19 33 0 1 51 
35 19 36 0 1 52 
35 19 35 0 1 53 
35 19 35 0 1 54
35 19 35 0 1 55 
35 19 31 0 2 56 
35 19 29 0 1 57 
35 19 29 0 1 58 
35 19 29 0 1 59 
35 19 36 0 2 60 
35 19 29 0 2 61 
35 19 33 0 2 62
35 19 36 0 2 63 
35 19 33 0 2 64 
35 19 36 0 2 65 
35 19 33 0 2 66 
35 19 32 0 2 67 
35 19 29 0 2 68 
35 19 32 0 2 69 
35 19 32 0 2 70 
35 19 35 0 2 71 
35 19 34 0 2 72 
35 19 32 0 2 73 
35 19 29 0 2 74 
35 19 29 0 2 75 
35 19 36 0 2 76 
35 19 33 0 2 77 
35 19 34 0 2 78 
35 19 34 0 2 79 
35 19 30 0 2 80 
35 19 36 0 2 81 
35 19 36 0 2 82 
35 19 35 0 2 83 
35 19 33 0 2 84 
35 19 34 0 2 85 
35 19 32 0 2 86 
35 19 29 0 2 87 
35 19 36 0 2 88 
35 19 30 0 2 89 
35 19 35 0 2 90 
35 19 36 0 2 91 
35 19 33 0 2 92 
35 19 29 0 2 93 
36 19 34 0 2 94 
35 19 36 0 2 95 
36 19 32 0 2 96 
36 19 36 0 2 97 
36 19 29 0 2 98 
35 19 34 0 2 99 
36 19 32 0 2 100 
36 19 36 0 2 101 
35 19 35 0 2 102 
35 19 29 0 2 103 
36 19 33 0 2 104 
35 19 32 0 2 105 
35 19 35 0 2 106 
35 19 29 0 2 107 
35 19 33 0 2 108 
35 19 35 0 2 109 
35 19 36 0 2 110 
35 19 35 0 2 111 
35 19 29 0 2 112 
36 19 36 0 2 113 
35 19 33 0 2 114 
35 19 36 0 2 115 
35 19 31 0 2 116 
35 19 33 0 2 117 
35 19 36 0 2 118 
35 19 32 0 2 119 
35 19 29 0 2 120 
35 19 30 0 2 121 
35 19 32 0 2 122 
35 19 35 0 2 123 
35 19 32 0 2 124 
35 19 36 0 2 125 
35 19 30 0 2 126 
35 19 35 0 1 127 
35 19 33 0 1 128 
35 19 31 0 1 129 
35 19 33 0 1 130 
35 19 33 0 1 131 
35 19 30 0 1 132 
35 19 31 0 1 133 
35 19 35 0 1 134 
35 19 29 0 1 135 
35 19 34 0 1 136 
35 19 36 0 1 137 
35 19 35 0 1 138 
35 19 34 0 1 139 
35 19 31 0 1 140 
35 19 33 0 1 141 
35 19 32 0 1 142 
35 19 31 0 1 143 
35 19 35 0 1 144 
35 19 34 0 1 145 
35 19 29 0 1 146 
35 19 32 0 1 147 
35 19 29 0 1 148 
35 19 31 0 1 149 
35 19 33 0 1 150 
35 19 30 0 1 151 
35 19 35 0 1 152 
35 19 36 0 1 153 
35 19 29 0 1 154 
35 19 36 0 1 155 
35 19 35 0 1 156 
35 19 33 0 1 157 
35 19 32 0 1 158 
35 19 36 0 1 159 
35 19 36 0 1 160 
35 19 36 0 1 161 
35 19 36 0 1 162 
35 19 35 0 1 163 
35 19 36 0 1 164 
35 19 29 0 1 165
35 19 30 0 1 166 
35 19 33 0 1 167 
35 19 31 0 1 168 
35 19 34 0 1 169 
35 19 33 0 1 170 
35 19 35 0 1 171

17:03:37.617 -> Client started