LoRa Sender
The values inside the EEPROM are : 
22 36 68 202 57 203 56 
1 31 21 35 72 203 56 
2 31 21 31 71 203 56 
3 31 21 41 71 203 56 4 31 21 34 71 203 56 5 31 21 32 72 203 56 6 31 21 38 71 203 56 7 31 21 35 71 203 56 8 31 21 33 71 203 56 9 31 21 32 70 203 56 10 31 21 39 71 203 56 11 31 21 39 71 203 56 12 31 21 39 71 203 56 13 31 21 32 71 203 56 14 31 21 39 71 203 56 15 31 21 31 70 203 56 16 31 21 40 70 203 56 17 31 21 31 71 203 56 18 31 21 33 71 203 56 19 31 21 39 70 203 56 20 31 21 35 71 203 56 21 31 21 31 70 203 56 22 31 21 33 70 203 56 23 31 21 33 70 203 56 24 31 21 33 71 203 56 25 31 21 39 70 203 56 26 31 21 31 70 203 56 27 31 21 36 71 203 56 28 31 21 38 70 203 56 29 31 21 38 70 203 56 30 31 21 39 70 203 56 31 31 21 37 70 203 56 32 31 21 31 71 203 56 33 31 21 34 70 203 56 34 31 21 31 70 203 56 35 31 21 37 70 203 56 36 31 21 34 70 203 56 37 31 21 38 70 203 56 38 31 21 37 70 203 56 39 31 21 33 70 203 56 40 31 21 34 70 203 56 41 31 21 31 70 203 56 42 31 21 37 70 203 56 43 31 21 31 70 203 56 44 31 21 39 70 203 56 45 31 21 33 70 203 56 46 31 21 38 69 203 56 47 31 21 31 69 203 56 48 31 21 37 70 203 56 49 31 21 36 69 203 56 50 31 21 38 70 203 56 51 31 21 37 70 203 56 52 31 21 31 70 203 56 53 31 21 31 69 203 56 54 31 21 39 70 203 56 55 31 21 37 69 203 56 56 31 21 33 70 203 56 57 31 21 33 70 203 56 58 31 21 31 70 203 56 59 31 21 34 70 203 56 60 31 21 33 70 203 56 61 31 21 31 70 203 56 62 31 21 41 69 203 56 63 31 21 31 69 203 56 64 31 21 39 69 203 56 65 31 21 38 69 203 56 66 31 21 34 70 203 56 67 31 21 39 69 203 56 68 31 21 37 70 203 56 69 31 21 31 70 203 56 70 31 21 32 69 203 56 71 31 21 41 68 203 56 72 31 21 39 70 203 56 73 31 21 38 69 203 56 74 31 21 33 69 203 56 75 31 21 35 69 203 56 76 31 21 32 69 203 56 77 31 21 36 69 203 56 78 31 21 33 69 203 56 79 31 21 38 69 202 56 80 31 21 33 69 202 56 81 31 21 39 69 203 56 82 31 21 31 69 203 56 83 31 21 31 69 203 56 84 31 21 39 69 203 56 85 31 21 32 69 203 56 86 31 21 36 69 202 56 87 31 21 35 69 202 56 88 31 21 38 69 202 56 89 31 21 31 69 202 56 90 31 21 36 69 202 56 91 31 21 31 69 202 56 92 31 21 39 69 202 56 93 31 21 39 69 202 56 94 31 21 39 69 202 56 95 31 21 33 69 202 56 96 31 21 40 69 202 56 97 31 21 34 69 202 56 98 31 21 35 69 202 56 99 31 21 35 69 202 56 100 31 21 40 69 202 56 101 31 21 36 69 202 56 102 31 21 34 69 202 56 103 31 21 34 69 202 56 104 31 21 31 68 202 56 105 30 22 34 70 202 56 106 31 21 35 69 202 56 107 30 22 42 69 202 56 108 30 22 34 70 202 56 109 30 22 35 68 202 56 110 30 22 36 69 202 56 111 31 21 40 69 202 56 112 31 21 32 69 202 56 113 31 21 39 68 202 56 114 31 21 36 69 202 56 115 31 21 36 69 202 56 116 31 21 38 69 202 56 117 31 21 36 69 202 56 118 31 21 38 68 202 56 119 31 21 31 68 202 56 120 31 21 36 68 202 56 121 31 21 31 68 202 56 122 31 21 40 69 202 57 123 31 21 33 68 202 56 124 31 21 39 69 202 56 125 31 21 38 68 202 56 126 31 21 41 68 202 56 127 31 21 33 69 202 56 128 31 21 34 68 202 56 129 31 21 31 68 202 56 130 31 21 35 68 202 57 131 31 21 33 69 202 56 132 31 21 34 69 202 56 133 31 21 35 68 202 56 134 31 21 35 69 202 56 135 31 21 36 68 202 56 136 31 21 32 68 202 56 137 31 21 31 68 202 56 138 30 22 34 68 202 57 139 30 22 34 69 202 57 140 30 22 37 69 202 57 
141 30 22 31 69 202 57 
142 30 22 39 69 202 57 
143 30 22 32 69 202 57 
144 30 22 31 69 202 57 
145 30 22 31 69 202 57 