LoRa Sender
The values inside the EEPROM are : 
0 24 22 30 80 202 29 
1 24 23 29 79 202 29 
2 24 23 29 79 202 29 
3 24 23 31 79 202 29 
4 24 23 26 79 202 29 
5 24 23 30 79 202 29 
6 24 23 26 79 202 29 
7 24 23 26 79 202 29 
8 24 23 30 79 202 29 
9 24 23 26 79 202 29 
10 24 23 26 79 202 29 
11 24 23 28 79 202 29 12 24 23 26 79 202 29 13 25 23 26 79 202 29 14 25 23 30 79 202 29 15 25 23 28 79 202 29 16 25 23 31 79 202 29 17 25 23 26 79 202 29 
18 25 23 26 79 202 29 
19 25 23 32 78 202 29 20 25 23 32 78 202 30 21 25 23 28 78 202 29 22 25 23 28 78 202 29 23 25 23 30 78 202 29 24 25 23 31 78 202 29 25 25 23 31 78 202 29 
26 25 23 31 78 202 29 27 25 23 26 78 202 29 28 25 23 30 78 202 29 29 25 23 31 78 202 29 30 25 23 32 78 202 29 31 25 23 26 78 202 29 32 25 23 26 78 202 29 
33 25 23 31 78 202 29 34 25 23 32 78 202 29 35 25 23 26 78 202 29 36 25 23 30 78 202 29 37 25 23 28 78 202 29 38 25 24 26 78 202 29 39 25 23 28 78 202 29 
40 25 24 30 78 202 29 
41 25 24 26 78 202 29 42 25 24 28 78 202 29 43 25 24 32 78 202 29 44 25 24 28 78 202 29 45 25 24 32 78 202 29 46 25 24 26 78 202 29 47 25 24 30 78 202 29 48 25 24 31 78 202 29 49 25 24 31 78 202 29 50 25 24 27 78 202 29 51 25 24 27 78 202 29 52 25 24 32 78 202 29 53 25 24 28 79 202 29 54 25 24 30 79 202 29 55 25 24 31 79 202 28 56 25 24 29 79 202 28 57 25 24 28 79 202 28 58 25 24 27 79 202 28 59 25 24 31 79 202 28 60 25 24 31 79 202 28 61 25 24 26 79 202 28 62 25 24 31 79 202 28 63 25 24 26 79 202 28 64 25 24 26 79 202 28 65 25 24 31 79 202 28 66 25 24 30 79 202 28 67 25 24 27 79 202 28 68 25 24 28 79 202 28 69 25 24 31 79 202 28 70 25 24 30 79 202 28 71 25 24 30 79 202 28 72 25 24 28 79 202 28 73 25 24 31 79 202 28 74 25 24 31 79 202 28 75 25 24 32 79 202 28 76 25 24 28 79 202 28 77 25 24 28 79 202 28 78 25 24 30 79 202 28 79 25 24 27 79 202 28 80 25 24 32 79 202 28 81 25 24 29 79 202 28 82 25 24 31 79 202 28 83 25 24 28 79 202 28 84 25 24 28 79 202 28 85 25 24 27 79 202 28 86 25 24 29 79 202 27 87 25 24 31 79 202 28 
88 25 24 30 79 202 28 
89 25 24 32 79 202 27 
90 25 24 28 79 203 28 
91 25 24 32 79 203 27 
92 25 24 42 5 204 59 
93 25 24 43 4 204 54 
0 0 0 0 0 0 0 0 0 0 0 0 0 0 0 0 0 0 0 0 0 0 0 0 0 0 0 0 0 0 0 0 0 0 0 0 0 0 0 0 0 0 0 0 0 0 0 0 0 0 0 0 0 0 0 0 0 0 0 0 0 0 0 0 0 0 0 0 0 0 0 0 0 0 0 0 0 0 0 0 0 0 0 0 0 0 0 0 0 0 0 0 0 0 0 0 0 0 0 0 0 0 0 0 0 0 0 0 0 0 0 0 0 0 0 0 0 0 0 0 0 0 0 0 0 0 0 0 0 0 0 0 0 0 0 0 0 0 0 0 0 0 0 0 0 0 0 0 0 0 0 0 0 0 0 0 0 0 0 0 0 0 0 0 0 0 0 0 0 0 0 0 0 0 0 0 0 0 0 0 0 0 0 0 0 0 0 0 0 0 0 0 0 0 0 0 0 0 0 0 0 0 0 0 0 0 0 0 0 0 0 0 0 0 0 0 0 0 0 0 0 0 0 0 0 0 0 0 0 0 0 0 0 0 0 0 0 0 0 0 0 0 0 0 0 0 0 0 0 0 0 0 0 0 0 0 0 0 0 0 0 0 0 0 0 0 0 0 0 0 0 0 0 0 0 0 0 0 0 0 0 0 0 0 0 0 0 0 0 0 0 0 0 0 0 0 0 0 0 0 0 0 0 0 0 0 0 0 0 0 0 0 0 0 0 0 0 0 0 0 0 0 0 0 0 0 0 0 0 0 0 0 0 0 0 0 0 0 0 0 0 0 0 0 0 0 0 0 0 0 0 0 0 0 0 0 0 0 0 0 0 0 0 0 0 0  
