LoRa Sender
The values inside the EEPROM are : 
22 29 67 109 37 205 37 
1 33 20 30 68 205 39 
2 33 20 32 68 205 39 
3 33 20 34 68 205 39 
4 33 20 31 68 205 39 
5 33 20 29 68 205 39 
6 33 20 30 67 205 39 
7 33 20 35 67 205 39 
8 33 20 35 67 205 40 9 33 20 32 67 205 39 10 33 20 35 67 205 39 11 32 21 30 68 205 39 12 32 21 35 68 205 39 13 32 21 31 68 205 39 14 32 21 29 68 205 38 15 32 21 33 68 205 38 16 32 21 31 68 205 38 17 32 21 31 68 205 38 18 32 21 32 68 205 38 19 32 21 31 68 205 39 20 32 21 35 68 205 38 21 32 21 35 68 205 38 22 32 21 30 68 205 38 23 32 21 30 68 205 38 24 32 21 33 68 205 38 25 32 21 33 68 205 39 26 32 21 31 68 205 38 27 32 21 30 68 205 38 28 32 21 33 68 205 38 29 32 21 29 68 205 38 30 32 21 31 68 205 39 31 32 21 31 68 205 38 32 32 21 29 68 205 39 33 32 21 35 68 205 38 34 32 21 34 67 205 39 35 32 21 31 67 205 38 36 32 21 30 67 205 38 37 32 21 32 67 205 39 38 32 21 33 67 205 38 39 32 21 34 67 205 38 40 32 21 33 67 205 38 41 32 21 29 67 205 38 42 32 21 29 67 205 39 43 32 21 34 67 205 38 44 32 21 32 67 205 38 45 32 21 29 67 205 38 46 32 21 34 67 205 38 47 32 21 34 67 205 38 48 32 21 31 67 205 39 49 32 21 35 67 205 38 50 32 21 34 67 205 38 51 32 21 30 67 205 38 52 32 21 30 67 205 38 53 32 21 30 67 205 38 54 32 21 30 67 205 38 55 32 21 30 67 205 38 56 32 21 35 67 205 38 57 32 21 29 67 205 38 58 32 21 35 67 205 38 59 32 21 35 67 205 38 60 32 21 32 67 205 38 61 32 21 33 67 205 38 62 32 21 32 67 205 38 63 32 21 33 67 205 38 64 32 21 31 67 205 38 65 32 21 35 67 205 38 66 32 21 35 67 132 38 67 32 21 34 67 140 38 68 32 21 35 67 100 38 69 32 21 33 67 101 38 70 32 21 31 67 98 37 71 32 21 34 67 97 38 72 32 21 34 67 98 39 73 32 21 31 67 97 38 74 32 21 34 67 98 38 75 32 21 32 67 98 38 76 32 21 34 67 124 38 77 32 21 35 67 101 38 78 32 21 32 67 103 38 79 32 21 34 67 105 38 80 32 21 34 67 101 38 81 32 21 34 67 101 38 82 32 21 34 67 102 38 83 32 22 33 67 102 38 84 32 22 34 67 103 38 85 32 21 34 67 102 38 86 32 22 30 67 102 38 87 32 22 30 67 101 38 88 32 22 32 67 101 38 89 32 21 32 67 102 38 90 32 22 33 67 102 38 91 32 21 33 67 102 37 92 32 22 29 67 102 38 93 32 22 32 67 103 38 94 32 22 29 67 102 38 95 32 22 31 67 102 38 96 32 22 30 67 102 37 97 32 22 32 67 103 37 98 32 22 30 67 103 38 99 32 21 34 67 104 38 100 32 22 32 67 103 38 101 32 22 34 67 103 38 102 32 22 29 67 104 38 103 32 21 30 67 106 38 104 32 21 32 67 104 38 105 32 21 29 67 105 38 106 32 21 29 67 104 38 107 32 22 33 67 105 38 108 32 22 29 67 106 38 109 32 21 30 67 106 38 110 32 22 34 67 105 38 111 32 22 30 67 104 37 112 32 22 34 67 107 38 113 32 22 31 67 106 37 114 32 22 31 67 107 38 115 32 22 34 67 109 38 116 32 22 34 67 106 38 117 32 22 34 67 106 37 118 32 22 33 67 108 37 119 32 22 34 67 107 37 120 32 21 31 67 108 38 121 32 22 32 67 107 38 122 32 22 32 67 106 38 123 32 22 34 67 117 38 124 32 22 34 67 106 37 125 32 22 29 67 111 37 126 32 22 34 67 105 37 127 32 22 31 67 114 38 128 32 22 32 67 106 38 129 32 22 30 67 106 38 130 32 22 29 67 106 37 131 32 22 33 67 107 37 132 32 22 34 67 107 37 133 32 22 31 67 110 37 134 32 22 30 67 111 37 135 32 22 34 67 111 37 136 32 22 32 67 112 37 137 32 22 34 67 112 37 138 32 22 34 67 112 37 139 32 22 32 67 111 37 140 32 22 34 67 110 37 141 32 22 34 67 111 37 
142 32 22 29 67 112 37 
143 32 22 34 67 112 37 
144 32 22 31 67 110 37 
145 32 22 30 67 112 37 