LoRa Sender
The values inside the EEPROM are : 
24 39 48 99 57 97 55 
1 25 22 27 50 97 55 
2 25 23 41 50 97 55 
3 25 23 23 50 97 55 4 25 24 23 50 97 55 5 25 24 28 50 97 55 6 25 24 42 50 97 56 7 25 24 23 50 97 56 8 25 24 22 50 97 56 9 25 24 38 50 91 56 10 25 24 24 50 78 56 11 25 24 23 50 89 56 12 25 24 30 49 108 56 13 25 24 23 49 100 56 14 25 24 39 49 101 56 15 25 24 29 49 108 56 16 25 24 30 49 86 56 17 25 24 23 49 94 56 18 25 24 30 49 96 56 19 25 24 26 49 94 56 20 25 24 22 49 96 56 21 25 24 24 49 100 56 22 25 24 22 49 101 56 23 25 24 39 49 100 56 24 25 24 31 49 105 56 25 25 24 24 49 104 56 26 25 24 23 49 99 56 27 25 24 23 49 101 56 28 25 24 39 49 101 56 29 25 24 23 49 98 56 30 25 24 23 49 97 56 31 25 24 24 49 97 56 32 25 24 30 49 101 56 33 25 24 22 49 100 56 34 25 24 24 49 100 56 35 25 24 35 49 98 56 36 25 24 23 49 98 56 37 25 24 24 49 100 56 38 25 24 25 49 97 56 39 25 24 25 49 95 56 40 25 24 38 49 101 56 41 25 24 36 49 100 56 42 25 24 23 49 100 56 43 25 24 28 49 100 56 44 25 24 24 49 98 56 45 25 24 23 49 99 56 46 25 24 23 49 97 56 47 25 24 23 49 99 56 48 25 24 23 49 102 56 49 25 24 30 49 103 56 50 25 24 23 49 100 56 51 25 24 24 49 100 56 52 25 24 22 49 102 56 53 25 24 30 49 101 56 54 25 24 23 49 101 56 55 25 24 26 49 102 56 56 25 24 41 49 98 56 57 25 24 27 48 101 56 58 25 24 30 48 104 56 59 25 24 29 48 103 57 60 25 24 30 48 101 57 61 25 24 29 48 104 57 62 25 24 29 48 102 57 63 25 24 29 48 105 57 64 26 24 31 48 105 57 65 26 24 26 48 106 57 66 25 24 27 48 105 57 67 26 24 22 48 106 56 68 26 24 23 48 105 57 69 26 24 22 48 105 56 70 26 24 23 48 105 56 71 26 24 27 48 101 56 72 26 24 30 48 102 57 73 26 24 24 48 102 56 74 26 24 26 48 101 56 75 26 24 37 48 102 56 76 26 24 24 48 103 57 77 26 24 39 48 104 57 78 26 24 24 48 103 57 79 26 24 23 48 104 57 80 26 24 23 48 104 57 81 26 24 24 48 106 57 82 26 24 23 48 104 57 83 26 24 30 48 105 57 84 26 24 26 48 103 57 85 26 24 22 48 105 57 86 26 24 38 48 104 57 87 26 24 25 48 102 57 88 26 24 30 48 103 57 89 26 24 30 48 104 57 90 26 24 30 48 107 57 91 26 24 35 48 105 57 92 26 24 35 48 104 57 93 26 24 42 48 106 57 94 26 24 23 48 104 57 95 26 24 30 48 108 57 96 26 24 31 48 106 57 97 26 24 27 48 107 57 98 26 24 42 48 105 56 99 26 24 42 48 107 56 100 26 24 30 48 105 57 101 26 24 35 48 106 57 102 26 24 29 48 106 57 103 26 24 44 48 107 57 104 26 24 23 48 109 57 105 26 24 29 48 108 57 106 26 24 22 48 110 57 107 26 24 30 48 109 57 108 26 24 23 48 110 57 109 26 24 24 48 107 57 110 26 24 24 48 101 57 111 26 24 35 48 95 57 112 26 24 43 48 97 57 113 26 24 29 48 95 57 114 26 24 24 48 95 57 115 26 24 23 48 98 57 116 26 24 27 48 98 57 117 26 24 30 48 96 57 118 26 24 37 48 95 57 119 26 24 29 48 99 57 120 26 24 24 48 96 57 121 26 24 23 48 98 57 122 26 24 25 48 98 57 123 26 24 23 48 99 57 124 26 24 25 48 97 57 125 26 24 23 48 98 57 126 26 24 23 48 95 57 127 26 24 27 48 97 57 128 26 24 22 48 97 57 129 26 24 23 48 95 57 130 26 24 23 48 100 57 131 26 24 22 48 98 57 132 26 24 42 48 96 57 133 26 24 28 48 95 57 134 26 24 23 48 96 57 135 26 24 33 48 96 57 136 26 24 31 48 97 57 137 26 24 30 48 96 57 138 26 24 24 48 95 57 139 26 24 28 48 96 57 140 26 24 30 48 94 57 141 26 24 30 48 95 57 
142 26 24 25 48 97 57 
143 26 24 27 48 96 57 
144 26 24 27 48 95 57 
145 26 24 40 48 96 57 
146 26  
