LoRa Sender
The values inside the EEPROM are : 
23 32 72 97 56 97 55 
1 28 21 29 77 97 55 
2 28 22 27 75 97 55 
3 28 22 33 76 97 55 
4 28 22 32 75 97 55 5 28 22 31 75 97 55 6 28 22 26 76 97 55 7 28 22 26 75 97 55 8 28 22 28 75 97 55 9 28 22 27 75 97 55 10 28 23 26 75 97 55 11 28 23 27 76 97 55 12 28 23 37 75 97 55 13 28 22 34 75 97 55 14 28 23 26 74 97 55 15 28 23 26 75 97 55 16 28 23 35 74 97 55 17 28 23 29 74 97 55 18 28 23 33 74 97 56 19 28 23 28 75 97 56 20 28 23 34 74 97 56 21 28 23 29 74 97 56 22 28 23 32 74 97 55 23 28 23 41 74 97 56 24 28 23 42 75 97 56 25 28 23 26 74 97 56 26 28 23 30 74 97 56 27 28 23 38 74 97 56 28 28 23 27 74 97 55 29 28 23 36 73 97 56 30 28 23 31 74 97 55 31 28 23 27 73 97 55 32 28 23 27 74 97 55 33 28 23 30 74 97 56 34 28 23 34 73 97 56 35 28 23 42 74 97 56 36 28 23 35 74 97 56 37 28 23 34 73 97 56 38 28 23 32 74 97 56 39 28 23 27 73 97 56 40 28 23 38 74 97 56 41 28 23 32 75 97 55 42 28 23 26 75 97 56 43 28 23 34 74 97 56 44 28 23 35 74 97 56 45 28 23 26 73 97 56 46 28 23 32 73 97 56 47 28 23 42 73 97 55 48 28 23 34 75 97 56 49 28 23 27 73 97 56 50 28 23 28 74 97 56 51 28 23 34 73 97 56 52 28 23 31 73 97 56 53 28 23 38 73 97 56 54 28 23 29 74 97 56 55 28 23 28 73 97 56 56 28 23 26 73 97 56 57 28 23 34 73 97 56 58 28 23 32 73 97 56 59 28 23 35 73 97 56 60 28 23 40 74 97 56 61 28 23 27 73 97 56 62 28 23 35 73 97 56 63 28 23 34 73 97 56 64 28 23 32 74 97 56 65 28 23 30 73 97 56 66 28 23 26 72 97 56 67 28 23 30 74 97 56 68 28 23 34 73 97 56 69 28 23 35 73 97 56 70 28 23 35 73 97 56 71 28 23 28 72 97 56 72 28 23 28 73 97 56 73 28 23 33 72 97 56 74 28 23 27 74 97 56 75 28 23 38 73 97 56 76 28 23 26 73 97 56 77 28 23 33 72 97 56 78 28 23 42 73 97 56 79 28 23 40 73 97 56 80 28 23 30 73 97 56 81 28 23 29 72 97 56 82 28 23 27 73 97 56 83 28 23 27 73 97 56 84 28 23 35 72 97 56 85 28 23 26 74 97 56 86 28 23 35 73 97 56 87 28 23 30 73 97 56 88 28 23 34 72 97 56 89 28 23 35 73 97 56 90 27 23 28 72 97 56 91 28 23 34 73 97 56 92 27 23 26 72 97 56 93 27 23 33 73 97 56 94 27 23 36 73 97 56 95 27 23 33 73 97 56 96 27 23 32 72 97 56 97 27 23 42 72 97 56 98 27 23 28 72 97 56 99 27 23 32 72 97 56 100 27 23 34 72 97 56 101 27 23 26 72 97 56 102 27 23 35 72 97 56 103 27 23 41 73 97 56 104 27 23 32 72 97 56 105 27 23 35 72 97 56 106 27 23 34 72 97 56 107 27 23 29 72 97 56 108 27 23 26 72 97 56 109 27 23 33 74 97 56 110 27 23 26 72 97 56 111 27 23 34 72 97 56 112 27 23 29 72 97 56 113 27 23 27 73 97 56 114 27 23 29 73 97 56 115 27 23 30 72 97 56 116 27 23 41 72 97 56 117 27 23 28 73 97 56 118 27 23 36 72 97 56 119 27 23 42 73 97 56 120 27 23 30 72 97 56 121 27 23 37 72 97 56 122 27 23 35 72 97 56 123 27 23 34 72 97 56 124 27 23 37 73 97 56 125 27 23 26 72 97 56 126 27 23 27 72 97 56 127 27 23 26 72 97 56 128 27 23 27 73 97 56 129 27 23 41 72 97 56 130 27 23 35 72 97 56 131 27 23 29 72 97 56 
132 27 23 27 73 97 56 
133 27 23 33 72 97 56 
134 27 23 35 73 97 56 
135 27 23 26 72 97 56 
136 27 23 35 72 97 56 
137 27 23 28 72 97 56 
138 27 23 29 73 97 56 
139 27 23 37 72 97 56 
140 27 23 32 72 97 56 
141 27 23 27 72 97 56 
142 27 23 29 73 97 56 
143 27 23 26 72 97 56 
144 27 23 29 71 97 56 
145 27 23 40 72 97 56 