The values inside the EEPROM are : 
38 12 45 0 217 1 
38 12 39 0 217 2 
38 12 45 0 217 3 
38 12 46 0 217 4 
38 12 39 0 217 5 
38 12 45 0 217 6 
38 12 41 0 217 7 
38 12 41 0 217 8 
38 12 38 0 217 9 
38 12 46 0 217 10 
38 12 46 0 217 11 
38 12 42 0 216 12 
38 12 42 0 216 13 
38 12 41 0 216 14
38 12 41 0 216 15 
38 12 46 0 216 16 
38 12 46 0 216 17 
38 12 41 0 216 18 
38 12 41 0 216 19 
38 12 43 0 216 20 
38 12 43 0 216 21 
38 12 45 0 216 22 
38 12 41 0 216 23 
38 12 41 0 216 24 
38 12 40 0 216 25
38 12 39 0 216 26 
38 12 46 0 216 27 
38 12 42 0 216 28 
38 12 46 0 216 29 
38 12 45 0 216 30 
38 12 43 0 216 31 
38 12 42 0 216 32 
38 12 45 0 216 33 
38 12 39 0 216 34 
38 12 42 0 216 35 
38 12 46 0 215 36 
38 12 46 0 215 37 
38 12 45 0 215 38 
38 12 42 0 215 39 
38 12 46 0 215 40 
38 12 46 0 215 41 
38 12 46 0 215 42 
38 12 43 0 215 43 
38 12 46 0 215 44 
38 12 41 0 215 45 
38 12 39 0 215 46 
38 12 47 0 215 47 
38 12 39 0 215 48 
38 12 47 0 215 49 
38 12 39 0 215 50 
38 12 39 0 215 51 
38 12 47 0 215 52 
38 12 39 0 215 53 
38 12 39 0 215 54 
38 12 42 0 215 55 
38 12 43 0 215 56 
38 12 41 0 215 57 
38 12 39 0 215 58 
38 12 45 0 215 59 
38 12 47 0 214 60 
38 12 39 0 214 61 
38 12 42 0 214 62 
38 12 39 0 214 63 
38 12 46 0 214 64 
38 12 47 0 214 65 
38 12 39 0 214 66 
38 12 46 0 214 67 
38 12 45 0 214 68 
38 12 47 0 214 69 
38 12 39 0 214 70 
38 12 42 0 214 71 
38 12 47 0 214 72 
38 12 47 0 214 73 
38 12 43 0 213 74 
38 12 40 0 213 75 
38 12 42 0 213 76 
38 12 42 0 209 77 
38 12 44 0 209 78 
	  44 0 221 164 
38 12 40 0 221 165 
38 12 45 0 221 166 
38 12 45 0 221 167 
38 12 45 0 221 168 
38 12 45 0 221 169 
38 12 44 0 221 170 
38 12 44 0 221 171 
38 12 38 0 221 172 
38 12 42 0 221 173 
38 12 38 0 221 174 
38 12 38 0 221 175 
38 12 41 0 221 176 
38 12 39 0 221 177 
38 12 45 0 221 178 
38 12 41 0 221 179 
38 12 43 0 221 180 
38 12 42 0 221 181 
38 12 39 0 220 182 
38 12 38 0 220 183 
38 12 39 0 220 184 
38 12 38 0 220 185 
38 12 38 0 220 186 
38 12 43 0 220 187 
38 12 45 0 220 188 
38 12 38 0 220 189 
38 12 44 0 220 190 
38 12 43 0 220 191 
38 12 45 0 220 192 
38 12 38 0 220 193 
38 12 46 0 220 194 
38 12 43 0 220 195 
38 12 46 0 220 196 
38 12 42 0 220 197 
38 12 39 0 220 198 
38 12 42 0 220 199 
38 12 43 0 220 200 
38 12 46 0 220 201 
38 12 38 0 220 202 
38 12 41 0 220 203 
38 12 41 0 220 204 
38 12 42 0 220 205 
38 12 38 0 219 206 
38 12 45 0 219 207 
38 12 46 0 219 208 
38 12 41 0 219 209 
38 12 43 0 219 210 
38 12 39 0 219 211 
38 12 44 0 219 212 
38 12 45 0 219 213 
38 12 39 0 219 214 
38 12 46 0 219 215 
38 12 41 0 219 216 
38 12 43 0 219 217 
38 12 40 0 219 218 
38 12 39 0 219 219 
38 12 43 0 219 220 
38 12 46 0 219 221
38 12 39 0 219 222 
38 12 40 0 219 223 
38 12 46 0 219 224 
38 12 45 0 219 225 
38 12 46 0 219 226 
38 12 40 0 219 227 
38 12 38 0 219 228 
38 12 46 0 219 229 
38 12 39 0 218 230 
38 12 39 0 218 231 
38 12 46 0 218 232 
38 12 38 0 218 233 
38 12 44 0 218 234 
38 12 43 0 218 235 
38 12 46 0 218 236 
38 12 41 0 218 237 
38 12 43 0 218 238 
38 12 39 0 218 239 
38 12 43 0 218 240 
38 12 45 0 218 241 
38 12 38 0 218 242 
38 12 46 0 218 243 
38 12 46 0 218 244 
38 12 42 0 218 245 
38 12 46 0 218 246 
38 12 46 0 217 247 
38 12 39 0 217 248 
38 12 46 0 217 249 
38 12 46 0 217 250 
38 12 39 0 217 251 
38 12 41 0 217 252 
38 12 45 0 217 253 
38 12 46 0 217 254 
38 12 41 0 217 255 
38 12 42 0 217 0