The values inside the EEPROM are : 
205 171 
34 17 40 68 205 172 
34 20 40 68 205 173 
32 15 40 68 205 174 
34 20 40 68 205 175 
32 15 40 68 205 176 
32 15 40 68 205 177 
34 20 40 68 205 178 34 20 40 68 205 179 34 20 40 68 205 180 32 15 40 68 205 181 32 15 40 68 205 182 32 15 40 68 205 183 34 19 40 68 205 184 32 15 40 68 205 185 32 15 40 68 205 186 34 20 40 68 205 187 32 15 40 68 205 188 32 15 40 68 205 189 34 19 40 68 205 190 34 19 40 68 205 191 34 20 40 68 205 192 34 20 40 68 205 193 32 15 40 68 205 194 32 15 40 68 205 195 34 20 40 68 205 196 34 19 40 68 205 197 32 15 40 68 205 198 34 20 40 68 205 199 32 15 40 68 205 200 34 19 40 68 205 201 34 19 40 68 205 202 33 14 40 68 205 203 34 19 40 68 205 204 34 19 40 68 205 205 34 19 40 68 205 206 34 19 40 68 205 207 34 19 40 68 205 208 34 19 40 68 205 209 34 19 40 68 205 210 34 19 40 68 205 211 34 19 40 68 205 212 34 19 40 68 205 213 34 19 40 68 205 214 34 19 40 68 205 215 34 19 40 68 205 216 34 19 40 68 205 217 34 19 40 68 205 218 33 14 40 68 205 219 34 19 40 68 205 220 34 19 40 68 205 221 34 19 41 68 205 222 34 19 40 68 205 223 34 19 40 68 205 224 34 19 41 68 205 225 34 19 41 68 205 226 34 19 41 68 205 227 34 19 41 68 205 228 34 19 41 68 205 229 34 19 41 68 205 230 34 19 41 68 205 231 34 19 41 68 205 232 34 19 41 68 205 233 35 18 41 68 205 234 35 18 41 68 205 235 35 18 41 68 205 236 35 18 41 68 205 237 35 18 41 68 205 238 35 18 41 68 205 239 35 18 41 68 205 240 35 18 41 68 205 241 35 18 41 68 205 242 35 18 41 68 205 243 35 18 41 68 205 244 35 18 41 68 205 245 35 18 41 68 205 246 35 18 41 68 205 247 35 17 41 68 205 248 35 18 41 68 205 249 35 18 41 68 205 250 35 18 41 68 205 251 35 17 41 68 205 252 34 19 41 68 205 253 35 18 41 68 205 254 35 18 41 68 205 255 35 18 41 68 205 0 34 19 41 68 205 1 35 18 41 68 205 2 35 18 41 68 205 3 35 18 41 68 205 4 35 18 41 68 205 5 35 17 41 68 205 6 35 18 41 68 205 7 35 17 41 68 205 8 35 17 41 68 205 9 35 18 41 68 205 10 35 17 41 68 205 11 35 18 41 68 205 12 35 17 41 68 205 13 35 17 41 68 205 14 35 17 41 68 205 15 35 17 41 68 205 16 35 17 41 68 205 17 35 17 41 68 205 18 35 17 41 68 205 19 35 17 41 68 205 20 35 17 41 68 205 21 35 17 41 68 205 22 35 17 41 68 205 23 35 17 41 68 205 24 35 17 41 68 205 25 35 17 41 68 205 26 35 17 41 68 205 27 35 17 41 68 205 28 35 17 41 68 205 29 35 17 41 68 205 30 35 17 41 68 205 31 35 17 41 68 205 32 35 17 41 68 205 33 34 18 41 68 205 34 34 18 41 68 205 35 34 18 41 68 205 36 34 18 41 68 205 37 34 18 41 68 205 38 34 18 41 68 205 39 35 17 41 68 205 40 35 17 41 68 205 41 34 18 41 68 205 42 34 18 41 68 205 43 34 18 41 2 205 44 0 0 42 6 205 45 33 14 40 5 205 46 34 19 41 0 205 47 40 68 205 133 33 14 40 68 205 134 33 14 40 68 205 135 33 14 40 68 205 136 33 14 40 68 205 137 33 14 40 68 205 138 33 14 40 68 205 139 33 14 40 68 205 140 33 14 40 68 205 141 33 14 40 68 205 142 33 14 40 68 205 143 33 14 40 68 205 144 33 14 40 68 205 145 33 14 40 68 205 146 33 14 40 68 205 147 33 14 40 68 205 148 33 14 40 68 205 149 33 14 40 68 205 150 33 14 40 68 205 151 33 14 40 68 205 152 33 14 40 68 205 153 33 14 40 68 205 154 33 14 40 68 205 155 33 14 40 68 205 156 33 14 40 68 205 157 33 14 40 68 205 158 33 14 40 68 205 159 33 14 40 68 205 160 33 14 40 68 205 161 33 14 40 68 205 162 32 15 40 68 205 163 32 15 40 68 205 164 34 17 40 68 205 165 34 17 40 68 205 166 34 17 40 68 205 167 34 17 40 68 205 168 32 15 40 68 205 169 32 15 40 68 205 170 34 17 40 68  
Client started
