LoRa Sender
The values inside the EEPROM are : 
18 40 67 195 45 201 47 
1 34 20 39 66 201 47 
2 34 20 38 66 201 47 
3 34 20 37 66 200 47 
4 34 20 36 66 201 47 
5 34 20 41 66 200 46 
6 34 20 41 66 200 46 
7 34 20 41 66 200 46 
8 34 20 41 67 200 46 
9 34 20 39 67 200 46 10 34 20 36 67 200 46 11 34 20 39 67 200 46 12 34 20 36 67 200 46 13 34 20 35 67 200 46 14 34 20 38 67 199 46 15 34 20 40 67 199 46 16 34 20 41 67 199 46 17 34 20 39 67 199 46 18 35 19 35 67 198 46 19 35 19 39 67 198 46 20 35 19 35 67 198 46 21 35 19 38 67 198 46 22 35 19 35 67 198 46 23 35 19 39 67 198 46 24 35 19 41 67 199 46 25 35 19 41 67 199 46 26 35 19 34 67 199 46 27 35 19 36 67 199 46 28 35 19 41 67 199 46 29 35 19 35 67 199 46 30 35 19 36 67 198 46 31 35 19 40 67 198 46 32 35 19 39 67 199 46 33 35 19 41 67 199 46 34 35 19 37 67 199 46 35 35 19 37 67 198 46 36 35 19 37 67 198 46 37 35 19 34 67 199 46 38 35 19 39 67 199 46 39 35 19 41 67 198 46 40 35 19 41 67 199 46 41 35 19 39 67 199 46 42 35 19 41 67 199 46 43 35 19 37 67 198 46 44 35 19 39 67 198 46 45 35 19 41 67 199 46 46 35 19 41 67 199 46 47 35 19 37 67 199 46 48 35 19 35 67 198 46 49 35 19 34 67 198 46 50 35 19 39 67 198 46 51 35 19 37 67 198 46 52 35 19 41 67 198 46 53 35 19 35 67 198 46 54 35 19 38 67 198 46 55 35 19 40 67 198 46 56 35 19 36 67 198 46 57 35 19 37 67 198 46 58 36 19 35 67 198 46 59 35 19 34 67 198 46 60 36 19 38 67 198 46 61 36 19 38 67 198 46 62 36 19 41 67 198 46 63 36 19 41 67 198 46 64 36 19 39 67 197 46 65 36 19 35 67 197 46 66 36 19 37 67 197 46 67 36 19 34 67 197 46 68 36 19 40 67 197 46 69 36 19 40 67 197 46 70 36 19 36 67 197 46 71 36 19 38 67 197 46 72 36 19 34 67 197 46 73 36 19 35 67 197 46 74 36 19 34 67 197 46 75 36 19 34 67 197 46 76 36 19 40 67 197 46 77 36 19 41 67 197 46 78 36 19 41 67 197 46 79 36 19 39 67 197 46 80 36 19 41 67 197 46 81 36 19 39 67 197 46 82 36 19 41 67 197 46 83 35 19 38 67 197 46 84 35 19 34 67 197 46 85 35 19 40 67 197 46 86 35 19 36 67 197 46 87 36 19 40 67 197 46 88 35 19 36 67 197 46 89 36 19 41 67 197 46 90 36 19 36 67 197 46 91 36 19 34 67 197 46 92 36 19 39 67 197 46 93 36 19 41 67 197 46 94 36 19 41 67 196 46 95 36 19 39 67 197 46 96 36 19 34 67 197 46 97 36 19 38 67 196 46 98 36 19 39 67 196 46 99 36 19 37 67 196 46 100 36 19 40 67 197 46 101 36 19 40 67 197 45 102 36 19 35 67 197 45 103 36 19 37 67 197 45 104 36 19 34 67 197 45 105 36 19 34 67 197 45 106 36 19 40 67 196 45 107 36 19 37 67 197 45 108 36 19 34 67 197 45 109 36 19 35 67 197 45 110 36 19 39 67 197 45 111 36 19 34 67 196 45 112 36 19 40 67 196 45 113 36 19 37 67 196 45 114 36 19 38 67 196 45 115 36 19 41 67 196 45 116 36 19 34 67 196 45 117 36 19 37 67 196 45 118 36 19 38 67 196 45 119 36 19 34 67 196 45 120 36 19 34 67 196 45 121 36 19 37 67 196 45 122 36 19 35 67 196 45 123 36 19 37 67 195 45 124 36 19 37 67 195 45 125 36 19 39 67 195 45 126 36 19 36 67 196 45 127 36 19 37 67 196 45 128 36 19 40 67 196 45 129 36 19 34 67 196 45 130 36 19 34 67 196 45 131 36 19 35 67 196 45 132 36 19 37 67 195 45 133 36 19 41 67 195 45 134 36 19 34 67 195 45 135 36 19 41 67 195 45 136 36 19 35 67 195 45 137 36 19 40 67 195 45 
138 36 19 39 67 195 45 
139 37 18 37 67 195 45 
140 37 18 41 67 195 45 
141 37 18 37 67 195 45 
142 37 18 41 67 195 45 
143 37 18 36 67 195 45 
144 37 18 40 67 195 45 
145 37 18 41 67 195 45