25 21 27 0 252 1 
25 21 31 0 252 2 
25 21 28 0 252 3 
25 21 29 0 252 4 
25 21 25 0 252 5 
25 21 22 0 252 6 
25 21 36 0 252 7 
25 21 31 0 252 8 
25 21 35 0 252 9 
25 21 21 0 252 10 
25 21 22 0 252 11 
25 21 22 0 252 12 
25 21 30 0 252 13 
25 21 22 0 252 14 
25 21 30 0 252 15 
25 20 22 0 252 16 
25 21 23 0 252 17 
25 21 22 0 252 18 
25 20 26 0 252 19 
25 20 25 0 251 20 
25 20 27 0 251 21 
25 20 21 0 251 22 
25 20 22 0 251 23 
25 20 22 0 251 24 
25 20 23 0 251 25 
25 20 22 0 251 26 
25 20 29 0 251 27 
25 20 22 0 251 28 
25 21 33 0 251 29 
25 20 26 0 251 30 
25 20 36 0 251 31 
25 20 29 0 251 32 
25 20 22 0 251 33 
25 20 24 0 251 34 
25 20 29 0 251 35 
25 20 23 0 251 36 
25 20 28 0 251 37 
25 20 26 0 251 38 
25 20 22 0 251 39 
25 20 26 0 251 40 
25 20 30 0 251 41 
25 20 22 0 251 42 
25 20 29 0 251 43 
25 20 39 0 251 44 
25 20 22 0 251 45 
25 20 28 0 251 46 
25 20 24 0 251 47 
25 20 41 0 250 48 
25 20 30 0 250 49 
25 20 31 0 250 50 
25 20 29 0 250 51 
25 20 23 0 250 52 
25 20 27 0 250 53 
25 20 31 0 250 54 
25 20 30 0 250 55 
25 20 24 0 250 56 
25 20 23 0 250 57 
25 20 31 0 250 58 
25 20 31 0 250 59 
25 20 29 0 250 60 
25 20 29 0 250 61 
25 20 22 0 250 62 
25 20 22 0 250 63 
25 20 22 0 250 64 
25 20 31 0 250 65 
25 20 38 0 250 66 
25 20 30 0 250 67 
25 20 22 0 250 68 
25 20 28 0 250 69
25 20 24 0 250 70 
25 20 29 0 250 71 
25 20 22 0 250 72 
25 20 22 0 250 73 
25 20 22 0 250 74 
25 20 29 0 250 75 
25 20 22 0 250 76 
25 20 27 0 250 77 
25 20 31 0 250 78 
25 20 23 0 249 79 
25 20 23 0 249 80
25 20 22 0 249 81 
25 20 28 0 249 82 
25 20 26 0 249 83 
25 20 22 0 249 84 
25 20 31 0 249 85 
25 20 23 0 249 86 
25 20 30 0 249 87 
25 20 22 0 249 88 
25 20 22 0 249 89 
25 20 27 0 249 90 
25 20 23 0 249 91 
25 20 40 0 249 92 
25 19 22 0 249 93 
25 19 35 0 249 94 
25 19 28 0 249 95 
25 19 31 0 249 96 
25 20 23 0 249 97 
25 19 41 0 249 98 
25 19 22 0 249 99 
25 19 22 0 248 100 
25 19 29 0 248 101 
25 19 33 0 248 102 
25 19 23 0 248 103 
25 19 39 0 248 104 
25 19 35 0 248 105 
25 19 36 0 248 106 
25 19 22 0 248 107 
25 19 27 0 248 108 
25 19 24 0 248 109 
25 19 40 0 248 110 
25 19 23 0 248 111 
25 19 31 0 248 112 
25 19 23 0 248 113 
25 19 22 0 248 114 
25 19 40 0 248 115 
25 19 27 0 248 116 
25 20 30 0 248 117 
25 19 36 0 244 118 
25 19 29 0 244 119 
25 19 30 0 244 120 
25 18 31 0 244 121 
	  32 0 255 207 
25 22 40 0 255 208 
25 22 37 0 255 209 
25 22 24 0 255 210 
25 21 30 0 254 211 
25 21 22 0 254 212 
25 21 22 0 254 213 
25 21 38 0 254 214 
25 21 22 0 254 215 
25 21 23 0 254 216 
25 21 23 0 254 217 
25 21 30 0 254 218 
25 21 30 0 254 219 
25 21 21 0 254 220 
25 21 21 0 254 221 
25 21 30 0 254 222 
25 21 22 0 254 223 
25 21 34 0 254 224 
25 21 21 0 254 225 
25 21 30 0 254 226 
25 21 40 0 254 227 
25 21 29 0 254 228 
25 21 30 0 254 229 
25 21 27 0 254 230 
25 21 26 0 254 231 
25 21 28 0 254 232 
25 21 40 0 254 233 
25 21 21 0 253 234 
25 21 23 0 253 235 
25 21 22 0 253 236 
25 21 22 0 253 237 
25 21 23 0 253 238 
25 21 22 0 253 239 
25 21 34 0 253 240 
25 21 22 0 253 241 
25 21 25 0 253 242 
25 21 22 0 253 243 
25 21 21 0 253 244 
25 21 30 0 253 245 
25 21 31 0 253 246 
25 21 22 0 253 247 
25 21 22 0 253 248 
25 21 27 0 253 249 
25 21 23 0 252 250 
25 21 30 0 252 251 
25 21 29 0 252 252 
25 21 40 0 252 253 
25 21 37 0 252 254 
25 21 22 0 252 255 
25 21 22 0 252 0  