1 0 0 
2 0 0 
3 0 0 
4 0 0 
5 0 0 
6 0 0 
7 0 0 
8 0 0 
9 0 0 
10 0 0 
11 0 0 
12 0 0 
13 0 0 
14 0 0 
15 0 0 
16 0 0 
17 0 0 
18 0 0 
19 0 0 
20 0 0 
21 0 1 
22 0 1 
23 0 1
24 0 1 
25 0 1 
26 0 1 
27 0 1 
28 0 1 
29 0 1 
30 0 1 
31 0 1 
32 0 1 
33 0 1 
34 0 1 
35 0 1 
36 0 1 
37 0 1 
38 0 1 
39 0 1 
40 0 1 
41 0 1 
42 0 1 
43 0 1 
44 0 1 
45 0 1 
46 0 1 
47 0 1 
48 0 1 
49 0 1 
50 0 1 
51 0 1 
52 0 1 
53 0 1 
54 0 1 
55 0 1 
56 0 1 
57 0 1 
58 0 1 
59 0 1 
60 0 1 
61 0 1 
62 0 1 
63 0 1 
64 0 1 
65 0 1 
66 0 1 
67 0 1 
68 0 1 
69 0 1 
70 0 1 
71 0 1 
72 0 1 
73 0 1 
74 0 1 
75 0 1 
76 0 1 
77 0 1 
78 0 1 
79 0 1 
80 0 1 
81 0 1 
82 0 0 
83 0 0 
84 0 0 
85 0 0 
86 0 0 
87 0 0 
88 0 0 
89 0 0 
90 0 0 
91 0 0 
92 0 0 
93 0 0 
94 0 0 
95 0 0 
96 0 0 
97 0 0 
98 0 0 
99 0 0 
100 0 0 
101 0 0 
102 0 0 
103 0 0 
104 0 0 
105 0 0 
106 0 0 
107 0 0 
108 0 0 
109 0 0 
110 0 0 
111 0 0 
112 0 0 
113 0 0 
114 0 0 
115 0 0 
116 0 0 
117 0 0 
118 0 0 
119 0 0 
120 0 0 
121 0 0 
122 0 0 
123 0 0 
124 0 0 
125 0 0 
126 0 0 