		   5 171 
29 23 24 0 5 172
29 23 23 0 5 173
29 23 32 0 5 174
29 23 23 0 5 175
29 23 25 0 5 176 
29 23 23 0 5 177 
29 23 31 0 5 178 
29 23 31 0 5 179 
29 23 27 0 5 180 
29 23 34 0 5 181 
29 23 31 0 5 182 
29 23 27 0 5 183 
29 23 26 0 5 184 
29 23 31 0 5 185 
29 23 26 0 5 186 
29 23 30 0 5 187 
29 23 27 0 5 188 
29 23 24 0 5 189 
29 23 27 0 5 190 
29 23 28 0 5 191 
29 23 25 0 5 192 
29 23 24 0 5 193 
29 23 32 0 5 194 
29 23 25 0 5 195 
29 23 27 0 5 196 
29 23 24 0 5 197 
29 23 28 0 5 198 
29 23 27 0 5 199 
29 23 28 0 5 200 
29 23 24 0 5 201 
29 23 23 0 5 202 
29 23 23 0 5 203 
29 23 31 0 5 204
29 23 23 0 5 205 
29 23 24 0 5 206 
29 23 26 0 5 207 
29 23 26 0 5 208 
29 23 29 0 5 209 
29 23 26 0 5 210 
29 23 24 0 5 211 
29 23 25 0 5 212 
29 23 30 0 5 213 
29 23 31 0 5 214 
29 23 23 0 5 215 
29 23 26 0 5 216 
29 23 26 0 5 217 
29 23 25 0 5 218 
29 23 26 0 5 219 
29 23 33 0 5 220 
29 23 36 0 5 221 
29 23 26 0 5 222 
29 23 23 0 5 223 
29 23 32 0 5 224 
29 23 23 0 5 225 
29 23 24 0 5 226 
29 23 27 0 5 227 
29 23 26 0 5 228 
29 23 36 0 5 229 
29 23 23 0 5 230 
29 23 28 0 5 231 
29 23 30 0 5 232 
29 23 23 0 5 233 
29 23 23 0 5 234 
29 23 31 0 5 235 
29 23 24 0 5 236 
29 23 23 0 5 237 
29 23 27 0 5 238 
29 23 23 0 5 239 
29 23 23 0 5 240 
29 23 25 0 5 241 
29 23 23 0 5 242 
29 23 28 0 5 243 
29 23 23 0 5 244 
29 23 24 0 5 245 
29 23 23 0 5 246 
29 23 31 0 5 247 
29 23 24 0 5 248 
29 23 23 0 5 249 
29 23 25 0 5 250 
29 23 27 0 5 251 
29 23 28 0 5 252 
29 23 25 0 5 253 
29 23 30 0 5 254 
29 23 25 0 5 255 
29 23 32 0 5 0 
29 23 29 0 5 1 
29 23 35 0 5 2 
29 23 30 0 5 3 
29 23 31 0 5 4 
29 23 28 0 5 5 
29 23 31 0 5 6 
29 23 31 0 5 7 
29 23 30 0 5 8 
29 23 32 0 5 9 
29 23 30 0 5 10 
29 23 25 0 5 11 
29 23 26 0 5 12 
29 23 31 0 5 13 
29 23 30 0 5 14 
29 23 28 0 5 15 
29 23 28 0 5 16 
29 23 26 0 5 17 
29 23 25 0 5 18 
29 23 31 0 5 19 
29 23 29 0 5 20 
29 23 23 0 5 21 
29 23 28 0 5 22 
29 23 24 0 5 23 
29 23 23 0 5 24 
29 23 26 0 5 25 
29 23 31 0 5 26 
29 23 31 0 5 27 
29 23 24 0 5 28 
29 23 23 0 5 29 
29 23 24 0 5 30 
29 23 24 0 5 31 
29 23 23 0 5 32 
29 23 23 0 5 33 
29 23 25 0 5 34 
29 23 25 0 5 35 
29 23 30 0 5 36 
29 23 30 0 5 37 
29 23 31 0 5 38 
29 23 30 0 5 39 
29 23 24 0 5 40 
29 23 27 0 5 41 
29 23 30 0 5 42 
29 23 35 0 5 43 
29 23 24 0 5 44 
29 23 29 0 5 45 
29 23 28 0 5 46 
29 23 23 0 5 47 
29 23 23 0 5 48 
29 23 24 0 5 49 
29 23 23 0 5 50 
29 23 23 0 5 51 
29 23 25 0 4 52 
29 23 27 0 254 53 
29 23 31 0 255 54 
29 23      5 140 
29 23 25 0 5 141 
29 23 30 0 5 142 
29 23 25 0 5 143 
29 23 25 0 5 144 
29 23 35 0 5 145 
29 23 30 0 5 146 
29 23 30 0 5 147 
29 23 26 0 5 148 
29 23 23 0 5 149 
29 23 25 0 5 150 
29 23 33 0 5 151 
29 23 24 0 5 152 
29 23 27 0 5 153 
29 23 31 0 5 154 
29 23 31 0 5 155 
29 23 27 0 5 156 
29 23 26 0 5 157 
29 23 23 0 5 158 
29 23 34 0 5 159 
29 23 30 0 5 160 
29 23 23 0 5 161 
29 23 24 0 5 162 
29 23 28 0 5 163 
29 23 29 0 5 164 
29 23 28 0 5 165 
29 23 24 0 5 166 
29 23 23 0 5 167 
29 23 31 0 5 168 
29 23 25 0 5 169 
29 23 35 0 5 170 
29 23 31 0  

11:48:55.169 -> Client started
