The values inside the EEPROM are : 
1 0 0 
2 0 0 
3 0 0 
4 0 0 
5 0 0 
6 0 0 
7 0 0 
8 0 0 
9 1 0 
10 1 0 
11 2 0 
12 2 0 
13 2 0 
14 2 0 
15 2 0 
16 3 0 
17 3 0 
18 3 0 
19 3 0 
20 3 0 
21 3 0 
22 3 0 
23 3 0 
24 4 0 
25 4 0
26 4 0 
27 4 0 
28 4 0 
29 4 0 
30 4 0 
31 4 0 
32 4 0 
33 4 0 
34 4 0 
35 4 0 
36 5 0 
37 7 0 
38 7 0 
39 7 0 
40 7 0 
41 7 0 
42 8 0 
43 8 0 
44 9 0 
45 9 0 
46 9 0 
47 9 0 
48 9 0 
49 9 0 
50 9 0 
51 9 0 
52 9 0 
53 10 0 
54 10 0 
55 10 0 
56 10 0 
57 11 0 
58 11 0 
59 11 0 
60 11 0 
61 11 0 
62 11 0 
63 11 0 
64 11 0 
65 11 0 
66 12 0 
67 12 0 
68 13 0 
69 15 0 
70 16 0 
71 16 0 
72 17 0 
73 17 0 
74 17 0 
75 17 0 
76 17 0 
77 17 0 
78 17 0 
79 17 0
80 17 0 
81 17 0 
82 17 0 
83 17 0 
84 18 0 
85 18 0 
86 18 0 
87 18 0 
88 18 0 
89 18 0 
90 18 0 
91 20 0 
92 20 0 
93 20 0 
94 20 0 
95 20 0 
96 20 0 
97 20 0 
98 20 0 
99 20 0 
100 20 0 
101 20 0 
102 20 0 
103 20 0 
104 20 0 
105 20 0 
106 20 0 
107 20 0 
108 20 0 
109 20 0 
110 20 0 
111 20 0 
112 21 0 
113 21 0 
114 21 0 
115 22 0 
116 22 0 
117 22 0 
118 23 0 
119 23 0 
120 24 0 
121 24 0 
122 24 0 
123 24 0 
124 24 0 
125 24 0 
126 26 0 
127 26 0 
128 26 0 
129 26 0 
130 26 0 
131 26 0 
132 28 0 
133 28 0 
134 28 0 
135 28 0 
136 28 0 
137 29 0 
138 29 0 
139 29 0 
140 30 0 
141 30 0 
142 30 0 
143 30 0 
144 30 0 
145 30 0 
146 31 0 