The values inside the EEPROM are : 
207 171 
23 19 31 56 207 172 
23 19 31 56 207 173 
23 19 31 56 207 174 
23 19 31 56 207 175 
23 19 32 56 207 176 
23 19 31 56 207 177 
23 19 31 56 207 178 23 19 31 56 207 179 23 19 32 56 207 180 23 19 32 56 207 181 23 19 32 56 207 182 23 19 32 56 207 183 23 19 31 56 207 184 22 20 31 56 207 185 23 19 32 56 207 186 22 20 31 55 207 187 23 19 32 56 207 188 22 20 32 55 207 189 23 19 32 63 207 190 23 19 31 1 207 191 22 20 31 1 207 192 22 20 32 1 207 193 31 59 207 23 23 19 31 59 207 24 23 19 31 59 207 25 23 19 31 59 207 26 23 19 31 59 207 27 23 19 31 59 207 28 23 19 31 59 207 29 23 19 31 59 207 30 23 19 31 59 207 31 23 19 31 59 207 32 23 19 31 58 207 33 23 19 31 59 207 34 23 19 31 58 207 35 23 19 31 58 207 36 23 19 31 58 207 37 23 19 31 58 207 38 23 19 31 58 207 39 23 19 31 58 207 40 23 19 31 58 207 41 23 19 31 58 207 42 23 19 31 58 207 43 23 19 31 58 207 44 23 19 31 58 207 45 23 19 31 58 207 46 23 19 31 58 207 47 23 19 31 58 207 48 23 19 31 58 207 49 23 19 31 58 207 50 23 19 31 58 207 51 23 19 31 58 207 52 23 19 31 58 207 53 23 19 31 58 207 54 23 19 31 58 207 55 23 19 31 58 207 56 23 19 31 58 207 57 23 19 31 58 207 58 23 19 31 58 207 59 23 19 31 58 207 60 23 19 31 58 207 61 23 19 31 58 207 62 23 19 31 58 207 63 23 19 31 58 207 64 23 19 31 58 207 65 23 19 31 58 207 66 23 19 31 58 207 67 23 19 31 58 207 68 23 19 31 58 207 69 23 19 31 58 207 70 23 19 31 58 207 71 23 19 31 58 207 72 23 19 31 58 207 73 23 19 31 57 207 74 23 19 31 57 207 75 23 19 31 57 207 76 23 19 31 57 207 77 23 19 31 57 207 78 23 19 31 58 207 79 23 19 31 57 207 80 23 19 31 57 207 81 23 19 31 57 207 82 23 19 31 57 207 83 23 19 31 57 207 84 23 19 31 57 207 85 23 19 31 57 207 86 23 19 31 57 207 87 23 19 31 57 207 88 23 19 31 57 207 89 23 19 31 57 207 90 23 19 31 57 207 91 23 19 31 57 207 92 23 19 31 57 207 93 23 19 31 57 207 94 23 19 31 57 207 95 23 19 31 57 207 96 23 19 31 57 207 97 23 19 31 57 207 98 23 19 31 57 207 99 23 19 31 57 207 100 23 19 31 57 207 101 23 19 31 57 207 102 23 19 31 57 207 103 23 19 31 57 207 104 23 19 31 57 207 105 23 19 31 57 207 106 23 19 31 57 207 107 23 19 31 57 207 108 23 19 31 57 207 109 23 19 31 57 207 110 23 19 31 57 207 111 23 19 31 57 207 112 23 19 31 57 207 113 23 19 31 57 207 114 23 19 31 57 207 115 23 19 31 57 207 116 23 19 31 57 207 117 23 19 31 57 207 118 23 19 31 57 207 119 23 19 31 57 207 120 23 19 31 57 207 121 23 19 31 57 207 122 23 19 31 57 207 123 23 19 31 56 207 124 23 19 31 56 207 125 23 19 31 56 207 126 23 19 31 56 207 127 23 19 31 56 207 128 23 19 31 56 207 129 23 19 31 56 207 130 23 19 31 56 207 131 23 19 31 56 207 132 23 19 31 56 207 133 23 19 31 56 207 134 23 19 31 56 207 135 23 19 31 56 207 136 23 19 31 56 207 137 23 19 31 56 207 138 23 19 31 56 207 139 23 19 31 56 207 140 23 19 31 56 207 141 23 19 31 56 207 142 23 19 31 56 207 143 23 19 31 56 207 144 23 19 31 56 207 145 23 19 31 56 207 146 23 19 31 56 207 147 23 19 31 56 207 148 23 19 31 56 207 149 23 19 31 56 207 150 23 19 31 56 207 151 23 19 31 56 207 152 23 19 31 56 207 153 23 19 31 56 207 154 22 20 31 56 207 155 23 19 31 56 207 156 22 20 31 56 207 157 23 19 31 56 207 158 23 19 31 56 207 159 23 19 31 56 207 160 23 19 31 56 207 161 23 19 31 56 207 162 23 19 31 56 207 163 23 19 31 56 207 164 23 19 31 56 207 165 23 19 31 56 207 166 23 19 31 56 207 167 23 19 31 56 207 168 23 19 31 56 207 169 23 19 31 56 207 170 23 19 31 56  
Client started
