LoRa Sender
The values inside the EEPROM are : 
20 33 55 201 62 202 61 
1 31 21 31 55 202 61 
2 31 21 39 56 202 61 
3 31 21 40 55 202 61 
4 31 21 37 55 202 61 
5 31 21 37 56 202 61 
6 32 21 36 56 202 61 
7 32 21 34 55 202 61 
8 32 21 40 56 202 61 
9 32 21 32 56 202 61 
10 32 21 35 56 202 61 
11 32 21 34 55 202 61 
12 32 21 32 56 202 61 
13 32 21 31 55 202 61 
14 32 21 33 55 202 61 
15 32 21 32 56 202 61 
16 32 21 44 55 202 61 
17 32 21 37 55 202 61 
18 32 21 37 56 202 61 
19 32 21 38 55 202 61 
20 32 21 31 54 202 61 
21 32 21 32 56 202 61 
22 32 21 38 55 202 61 23 32 21 35 55 202 61 24 32 21 40 55 202 61 25 32 21 38 56 202 61 26 32 21 42 55 202 61 27 32 21 34 55 202 61 28 32 21 33 55 202 61 29 32 21 38 56 202 61 30 32 21 33 54 202 61 31 32 21 31 56 202 61 32 32 21 39 56 202 61 33 32 21 32 55 202 61 34 32 21 39 56 202 61 35 32 21 34 56 202 61 36 32 21 37 56 202 61 37 32 21 45 55 202 61 38 32 21 32 55 202 61 39 32 21 34 56 202 61 40 32 21 31 55 202 61 41 32 21 35 55 202 61 42 33 20 31 56 202 61 43 33 20 39 55 202 61 44 33 20 40 56 202 61 45 33 20 39 55 202 61 46 33 20 37 55 202 61 47 33 20 30 55 202 61 48 33 20 39 55 202 61 49 33 20 34 56 202 61 50 33 20 42 56 202 61 51 33 20 38 56 202 61 52 33 20 33 56 202 60 53 33 20 36 55 202 61 54 33 20 34 56 202 61 55 33 20 34 56 202 61 56 33 20 38 56 202 61 57 33 20 32 56 202 61 58 33 20 31 56 202 61 59 33 20 34 56 202 61 60 33 20 31 56 202 61 61 33 20 37 56 202 61 62 33 20 38 56 202 61 63 33 20 31 56 202 61 64 33 20 40 56 202 61 65 33 20 34 56 202 61 66 33 20 32 56 202 61 67 33 20 33 55 202 61 68 33 20 36 56 202 61 69 33 20 40 55 202 61 70 33 20 39 56 202 61 71 33 20 35 55 202 61 72 33 20 34 55 202 61 73 33 20 40 56 202 61 74 33 20 34 56 202 61 75 33 20 34 55 202 61 76 33 20 33 55 202 61 77 33 20 34 55 202 61 78 33 20 43 56 202 61 79 33 20 31 56 202 61 80 33 20 34 55 202 61 81 33 20 32 55 202 61 82 33 20 35 56 202 61 83 33 20 34 56 202 61 84 33 20 36 55 202 61 85 33 20 37 55 202 61 86 33 20 44 55 202 61 87 33 20 32 55 202 61 88 33 20 38 56 202 61 89 33 20 37 56 202 61 90 33 20 34 55 202 61 91 34 20 44 55 202 61 92 34 20 35 56 201 61 93 34 20 31 55 201 61 94 34 20 35 56 201 61 95 34 20 33 56 201 61 96 34 20 36 55 201 61 97 34 20 39 56 201 61 98 34 20 31 55 201 61 99 34 20 41 56 201 61 100 34 20 40 55 201 61 101 34 20 44 55 201 61 102 34 20 34 56 201 61 103 34 20 33 55 201 61 104 34 20 41 55 201 61 105 34 20 33 56 201 61 106 34 20 32 55 201 61 107 34 20 40 55 201 61 108 34 20 31 56 201 61 109 34 20 40 56 201 61 110 34 20 34 55 201 61 111 34 20 40 55 201 61 112 34 20 42 56 201 61 113 34 20 38 55 201 61 114 34 20 38 55 201 61 115 34 20 36 55 201 61 116 34 20 34 56 201 61 117 34 20 33 55 201 61 118 34 20 33 55 201 61 119 34 20 40 56 201 61 120 34 20 39 55 201 61 121 34 20 37 55 201 61 122 34 20 40 54 201 61 123 34 20 31 55 201 61 124 34 20 40 55 201 61 125 34 20 31 54 201 61 126 34 20 39 56 201 61 127 34 20 35 55 201 61 128 34 20 38 55 201 61 129 34 20 32 54 201 61 130 34 20 40 56 201 61 131 34 20 35 55 201 61 132 34 20 38 55 201 61 133 34 20 35 56 201 61 134 34 20 37 55 201 62 135 34 20 39 55 201 61 136 34 20 32 54 201 61 137 34 20 33 56 201 61 138 34 20 33 55 201 62 139 34 20 34 55 201 62 140 34 20 31 55 201 61 141 34 20 40 55 201 62 142 34 20 31 55 201 62 143 34 20 38 54 201 62 144 34 20 35 56 201 61 145 34 20 32 55 201 61 146 34  
