1 36 17 47 51 92 69 
2 36 18 46 51 92 69 
3 36 18 46 51 92 70 
4 36 18 43 51 92 69 
5 36 18 46 51 92 69 
6 36 18 52 51 92 69 
7 36 18 49 50 92 70 
8 36 17 47 50 92 69 
9 36 17 51 50 92 70 
10 36 18 50 50 92 70 
11 36 18 42 50 92 69 
12 36 17 48 50 92 70 
13 36 17 49 50 92 69 
14 36 18 49 50 92 70 
15 36 18 50 50 92 70 
16 36 17 42 49 92 70 
17 36 17 51 49 92 70 
18 36 17 42 49 92 70 
19 36 17 42 49 91 70 
20 36 17 51 49 91 70 
21 36 17 42 49 91 70 
22 36 17 47 49 91 70 
23 36 17 43 49 91 70 
24 36 17 51 49 91 70 
25 36 17 47 49 91 70 
26 36 17 51 49 91 70 
27 36 17 50 49 91 70 
28 36 17 46 48 91 70 
29 36 17 50 48 91 70 
30 36 16 42 48 91 70 
31 36 17 52 48 91 70 
32 36 16 52 48 91 70 
33 36 16 49 48 91 70 
34 36 16 48 48 90 70 
35 36 16 42 48 90 70 
36 36 16 47 48 90 70 
37 36 16 49 48 90 70 
38 36 16 53 48 90 70 
39 36 16 47 48 90 70 
40 36 16 45 48 90 70 
41 36 16 50 47 90 70 
42 36 16 52 47 90 70 
43 36 16 43 47 90 70 
44 36 16 43 47 90 70 
45 36 16 47 47 89 70 
46 36 16 45 47 89 70 
47 36 16 52 47 89 70 
48 36 16 47 47 89 70 
49 36 16 52 47 89 70 
50 36 16 49 47 89 70 
51 36 16 52 46 89 70 
52 36 16 50 46 88 70 
53 36 15 50 46 88 70 
54 36 16 45 46 88 71 
55 36 16 45 46 88 71 
56 36 15 47 46 88 71 
57 36 15 48 46 87 70 
58 36 15 48 46 87 71 
59 36 15 46 46 87 71 
60 36 15 50 46 87 71 
61 36 15 50 46 87 71 
62 36 15 55 45 86 71 
63 36 15 56 45 86 71 
64 36 15 49 45 86 71 
65 36 15 56 45 86 71 
66 36 15 48 45 85 71 
67 36 15 49 45 85 71 
68 36 15 57 45 85 71 
69 36 14 50 45 84 71 
70 36 15 50 45 84 71 
71 36 14 53 45 84 71 
72 36 13 50 45 84 71 
73 36 14 58 44 83 71 
74 36 14 54 44 83 71 
75 36 14 54 44 83 71 
76 36 13 51 44 83 71 
77 36 13 56 44 83 71 
78 36 13 55 44 82 71 
79 36 13 51 44 82 72 
80 36 13 59 44 82 71 
81 36 13 55 44 82 72 
82 36 13 52 44 81 72 
83 36 13 56 43 81 72 
84 36 13 53 43 80 72 
85 36 13 56 43 80 72 
86 36 13 60 43 80 72 
87 36 13 62 43 80 72 
88 36 13 59 43 80 72 
89 36 13 60 43 81 72 
90 36 13 53 43 81 72 
91 36 13 53 43 81 72 
92 36 13 61 43 81 72 
93 36 13 52 43 81 72 
94 36 13 61 43 81 72 
95 36 13 60 43 81 72 
96 36 13 54 43 81 72 
97 36 13 56 43 81 72 
98 36 13 52 43 81 72 
99 36 13 58 43 82 72 
100 36 13 58 43 82 72 
101 36 13 60 43 82 72 
102 36 13 54 43 82 72 
103 36 13 57 43 82 72 
104 36 13 60 43 82 72 
105 36 13 56 43 82 72 
106 36 13 60 43 82 72 
107 36 13 56 43 82 72 
108 36 13 54 43 82 72 
109 36 13 56 43 82 72 
110 36 13 55 43 82 72 
111 36 13 57 43 82 72 
112 36 13 55 42 82 72 
113 36 13 50 42 82 72 
114 36 13 58 42 82 72 
115 36 13 59 42 82 72 
116 36 13 50 42 82 72 
117 36 13 50 42 83 72 
118 36 13 54 42 83 72 
119 36 13 50 42 83 72 
120 36 13 49 42 83 72 
121 36 13 50 42 83 72 
122 36 13 58 42 83 72 
123 36 13 58 42 83 72 
124 36 13 53 42 84 72 
125 36 13 53 42 84 72 
126 36 13 51 42 84 72 
127 36 13 48 42 84 72 
128 36 13 52 42 84 72 
129 36 13 56 42 85 72 
130 36 13 47 42 85 72 
131 36 13 56 42 85 72 
132 36 13 47 42 85 72 133 36 13 55 42 85 72 134 36 13 47 42 85 72 
135 36 13 55 42 85 72 136 36 13 55 42 85 72 137 36 13 50 42 85 72 
138 36 13 46 42 85 72 
139 36 13 50 42 85 72 140 36 13 54 42 85 72 141 36 13 54 42 85 72 
142 36 13 52 42 85 72 143 36 13 51 42 85 72 144 36 13 55 42 85 72 
145 36 13 55 42 85 72 