The values inside the EEPROM are : 
1 3 0 
2 3 0 
3 3 0 
4 3 0 
5 4 0 
6 4 0 
7 4 0 
8 4 0 
9 4 0 
10 4 0 
11 4 0 
12 4 0 
13 4 0 
14 4 0 
15 4 0 
16 4 0 
17 4 0 
18 4 0 
19 4 0 
20 4 0 
21 4 0 
22 5 0 
23 6 0 
24 6 0 
25 6 0 
26 6 0 
27 6 0 
28 6 0 
29 6 0 
30 7 0 
31 7 0 
32 7 0 
33 7 0 
34 7 0 
35 7 0 
36 7 0 
37 7 0 
38 7 0 
39 7 0 
40 7 0 
41 7 0 
42 7 0 
43 7 0 
44 7 0 
45 7 0 
46 7 0 
47 7 0 
48 8 0 
49 9 0 
50 9 0 
51 9 0 
52 9 0 
53 9 0 
54 9 0 
55 9 0 
56 10 0 
57 10 0 
58 10 0 
59 10 0 
60 10 0 
61 10 0 
62 11 0 
63 11 0 
64 11 0 
65 11 0 
66 11 0 
67 11 0 
68 11 0 
69 11 0 
70 11 0 
71 11 0 
72 11 0 
73 11 0 
74 11 0 
75 11 0 
76 11 0 
77 11 0 
78 11 0 
79 11 0 
80 11 0 
81 11 0 
82 11 0 
83 11 0 
84 11 0 
85 11 0 
86 11 0 
87 12 0 
88 12 0 
89 12 0 
90 13 0 
91 13 0 
92 13 0 
93 13 0 
94 13 0 
95 13 0 
96 13 0 
97 14 0 
98 14 0 
99 14 0 
100 14 0 
101 15 0 
102 15 0 
103 15 0 
104 16 0 
105 16 0 
106 17 0 
107 17 0 
108 18 0 
109 18 0 
110 19 0 
111 19 0 
112 19 0 
113 19 0 
114 19 0 
115 19 0 
116 19 0 
117 19 0 
118 19 0 
119 19 0 
120 19 0 
121 20 0 
122 20 0 
123 20 0 
124 20 0 
125 20 0 
126 20 0 
127 20 0 
128 20 0 
129 20 0 
130 20 0 
131 20 0 
132 21 0 
133 21 0 
134 21 0 
135 21 0
136 21 0 
137 21 0 
138 21 0 
139 21 0 
140 21 0 
141 21 0 
142 21 0 
143 21 0 
144 21 0 
145 22 0 
146 22 0 
147 22 0 
148 22 0 
149 22 0 
150 22 0 

12:24:19.685 -> Server started