The values inside the EEPROM are : 
34 20 45 0 206 1 
34 19 43 0 206 2 
34 19 42 0 206 3 
34 19 45 0 206 4 
34 19 45 0 206 5 
34 19 45 0 206 6 
34 19 45 0 206 7 
34 19 40 0 206 8 
34 19 45 0 206 9 
34 19 36 0 206 10 
34 19 36 0 206 11 
34 19 36 0 206 12 
34 19 45 0 206 13 
34 19 40 0 206 14 
34 19 39 0 206 15 
34 19 36 0 206 16 
34 19 44 0 205 17 
34 19 39 0 205 18 
34 19 45 0 205 19 
34 19 44 0 205 20 
34 19 42 0 205 21 
34 19 46 0 205 22 
34 19 42 0 205 23 
34 19 40 0 205 24 
34 19 40 0 205 25 
34 18 45 0 205 26 
34 18 37 0 205 27 
34 18 46 0 204 28 
34 18 38 0 204 29 
34 17 38 0 204 30 
34 17 46 0 204 31 
34 17 41 0 204 32 
34 17 39 0 203 33 
34 17 37 0 203 34 
34 17 37 0 202 35 
34 17 46 0 202 36 
34 17 44 0 201 37 
34 17 44 0 201 38 
34 17 46 0 199 39 
34 15 45 0 197 40 
34 14 39 0 192 41 
34 14 48 0 186 42 
34 14 50 0 180 43 
34 14 49 0 173 44 
34 14 53 0 166 45 
34 14 44 0 156 46 
33 14 57 0 
34 20 42 0 209 133 
34 20 45 0 209 134 
34 20 40 0 209 135 
34 20 45 0 209 136 
34 20 45 0 209 137 
34 20 37 0 209 138 
34 20 38 0 209 139 
34 20 36 0 209 140 
34 20 45 0 209 141 
34 20 45 0 209 142 
34 20 37 0 209 143
34 20 38 0 209 144 
34 20 43 0 209 145 
34 20 40 0 209 146 
34 20 45 0 209 147 
34 20 42 0 209 148 
34 20 39 0 209 149 
34 20 43 0 209 150 
34 20 39 0 209 151 
34 20 36 0 209 152 
34 20 44 0 209 153 
34 20 37 0 209 154 
34 20 45 0 209 155 
34 20 36 0 209 156 
34 20 40 0 209 157 
34 20 41 0 209 158 
34 20 37 0 209 159 
34 20 45 0 209 160 
34 20 44 0 209 161 
34 20 45 0 209 162 
34 20 45 0 209 163 
34 20 36 0 209 164 
34 20 40 0 209 165 
34 20 36 0 209 166 
34 20 39 0 209 167 
34 20 37 0 209 168 
34 20 43 0 209 169 
34 20 36 0 209 170 
34 20 43 0 209 171 
34 20 43 0 209 172 
34 20 40 0 209 173 
34 20 43 0 209 174 
34 20 44 0 209 175 
34 20 42 0 209 176 
34 20 36 0 209 177 
34 20 45 0 209 178 
34 20 36 0 209 179 
34 20 44 0 209 180 
34 20 40 0 209 181 
34 20 37 0 209 182 
34 20 38 0 209 183 
34 20 40 0 208 184 
34 20 39 0 208 185 
34 20 42 0 208 186 
34 20 45 0 208 187 
34 20 40 0 208 188 
34 20 36 0 208 189 
34 20 39 0 208 190 
34 20 45 0 208 191 
34 20 40 0 208 192 
34 20 42 0 208 193 
34 20 41 0 208 194 
34 20 38 0 208 195 
34 20 36 0 208 196 
34 20 37 0 208 197 
34 20 36 0 208 198 
34 20 36 0 208 199 
34 20 44 0 208 200 
34 20 45 0 208 201 
34 20 43 0 208 202 
34 20 37 0 208 203 
34 20 45 0 208 204 
34 20 43 0 208 205 
34 20 38 0 208 206 
34 20 42 0 208 207 
34 20 45 0 208 208 
34 20 45 0 208 209 
34 20 44 0 208 210 
34 20 42 0 208 211 
34 20 36 0 208 212 
34 20 39 0 208 213 
34 20 43 0 208 214 
34 20 40 0 208 215 
34 20 45 0 208 216 
34 20 36 0 208 217 
34 20 43 0 208 218 
34 20 44 0 208 219 
34 20 37 0 208 220
34 20 36 0 208 221 
34 20 45 0 208 222 
34 20 37 0 208 223 
34 20 36 0 208 224 
34 20 42 0 208 225 
34 20 45 0 208 226 
34 20 40 0 208 227 
34 20 37 0 208 228 
34 20 43 0 207 229
34 20 36 0 207 230 
34 20 36 0 207 231 
34 20 45 0 207 232 
34 20 37 0 207 233 
34 20 45 0 207 234 
34 20 45 0 207 235 
34 20 44 0 207 236 
34 20 44 0 207 237 
34 20 36 0 207 238 
34 20 45 0 207 239 
34 20 44 0 207 240 
34 20 41 0 207 241 
34 20 45 0 207 242 
34 20 40 0 207 243 
34 20 44 0 207 244 
34 20 44 0 207 245 
34 20 43 0 207 246 
34 20 38 0 207 247 
34 20 45 0 207 248 
34 20 44 0 207 249 
34 20 42 0 207 250 
34 20 37 0 207 251 
34 20 39 0 206 252 
34 19 39 0 206 253 
34 20 41 0 206 254 
34 19 43 0 206 255 
34 19 43 0 206 0  
12:25:40.909 -> Client started
