The values inside the EEPROM are : 
30 16 167 39 149 1 
31 15 164 39 149 2 
31 15 165 38 149 3 
31 15 168 38 149 4 
31 15 161 38 149 5 
31 15 161 38 149 6 
31 15 161 38 149 7 
31 15 162 38 149 8 
31 15 164 38 148 9 
32 15 161 39 149 10 
32 15 161 39 149 11 
32 15 163 39 149 12 
31 15 162 38 149 13 
31 15 168 38 149 14 
31 15 165 38 149 15 
31 15 164 38 149 16 
31 15 165 38 149 17 
31 15 168 38 148 18 
31 15 167 38 149 19 
31 15 168 38 149 20 
31 15 162 38 149 21 
31 15 167 38 148 22 
31 15 165 38 125 23 
31 15 164 38 125 24 
      163 40 152 110 
34 14 159 40 152 111 
34 14 160 40 152 112 
34 14 165 40 152 113 
34 14 163 40 152 114 
33 14 165 40 152 115 
33 14 165 40 152 116 
33 14 159 40 152 117 
33 14 162 40 152 118 
33 14 161 40 152 119 
33 14 164 40 152 120 
33 14 165 40 152 121 
33 14 162 40 152 122 
33 14 165 40 152 123 
33 14 165 40 151 124 
33 14 162 40 151 125 
33 14 157 40 151 126 
33 14 165 40 151 127 
33 14 160 40 151 128 
33 14 165 40 152 129 
33 14 165 40 152 130 
33 14 161 40 152 131 
33 14 161 40 152 132 
33 14 165 40 154 133 
34 14 165 40 152 134 
34 14 163 40 152 135 
34 14 162 40 152 136 
34 14 165 40 151 137 
34 14 163 40 151 138 
34 14 162 40 151 139 
34 14 158 40 151 140 
34 14 158 40 151 141 
34 14 162 40 151 142 
34 14 161 40 151 143 
34 14 160 40 151 144 
34 14 166 40 151 145 
34 14 166 40 151 146 
35 13 166 40 151 147 
35 13 158 40 151 148 
35 13 159 40 151 149 
35 13 166 40 151 150 
35 13 166 40 151 151 
35 13 161 40 151 152 
36 13 166 40 151 153 
36 13 162 40 151 154 
37 12 166 40 151 155 
37 12 160 40 151 156 
37 12 159 40 150 157 
37 12 159 40 151 158 
37 12 159 40 151 159 
37 12 159 40 151 160 
37 12 163 40 150 161 
37 12 160 40 150 162 
37 12 162 40 150 163 
37 12 159 40 150 164 
37 12 162 40 150 165 
37 12 159 40 150 166 
37 12 159 39 150 167 
37 12 159 39 150 168 
37 12 159 39 150 169 
37 12 159 39 150 170 
37 12 161 39 150 171 
37 12 159 39 151 172 
37 12 159 39 150 173 
37 12 160 39 151 174 
37 12 167 39 150 175 
37 12 163 39 150 176 
37 12 165 39 151 177 
37 12 163 39 151 178 
37 12 163 39 150 179 
37 12 160 39 150 180 
37 12 165 39 150 181 
37 12 166 39 150 182 
37 12 166 39 150 183 
37 12 167 39 150 184 
37 12 166 39 150 185 
37 12 160 39 150 186 
37 12 164 39 150 187 
37 12 164 39 150 188 
38 12 160 39 150 189 
38 12 162 39 150 190 
38 12 167 39 150 191 
38 12 160 39 150 192 
38 12 167 39 150 193 
38 12 164 39 150 194 
38 12 160 39 150 195 
38 12 165 39 150 196 
38 12 160 39 150 197 
38 12 161 39 150 198 
38 12 160 39 149 199 
38 12 161 39 151 200 
37 12 163 39 150 201 
37 12 167 39 151 202 
37 12 160 39 150 203 
37 12 167 39 150 204 
37 12 165 39 151 205 
37 12 163 39 150 206 
37 12 164 39 152 207 
36 13 166 39 150 208 
35 13 161 39 152 209 
35 13 162 39 149 210 
35 13 164 39 152 211 
35 13 161 39 152 212 
35 13 162 39 150 213 
35 13 162 39 150 214 
34 14 166 39 150 215 
34 14 166 39 150 216 
34 14 164 39 149 217 
34 14 161 39 149 218
34 14 164 39 149 219 
34 14 163 39 149 220 
34 14 167 39 149 221 
34 14 163 39 149 222 
34 14 165 39 149 223 
34 14 161 39 149 224 
33 14 167 39 149 225 
33 14 164 39 149 226 
33 14 161 39 149 227 
33 14 165 39 149 228 
33 14 162 39 149 229 
32 15 167 39 149 230 
32 15 160 39 149 231 
32 15 167 39 149 232 
32 15 162 39 149 233 
32 15 160 39 149 234 
32 15 167 39 149 235 
32 15 167 39 149 236 
32 15 165 39 149 237 
31 15 161 39 149 238 
31 15 165 39 149 239 
31 15 162 39 149 240 
31 15 161 39 149 241 
31 15 161 39 149 242 
31 15 163 39 149 243 
31 15 161 39 149 244 
31 15 163 39 149 245 
30 16 167 39 149 246 
31 15 165 39 149 247 
30 16 168 39 149 248 
30 16 167 39 149 249 
30 16 161 39 149 250 
30 16 167 39 149 251 
30 16 165 39 149 252 
30 16 163 39 149 253 
30 16 168 39 149 254 
30 16 168 39 149 255 
30 16 162 39 149 0  
11:01:49.092 -> Client started