The values inside the EEPROM are : 
208 171 
0 0 24 47 208 172 
0 0 24 47 208 173 
0 0 24 47 208 174 
0 0 24 47 208 175 
0 0 24 47 208 176 
0 0 24 47 208 177 
0 0 24 47 208 178 
0 0 24 47 208 179 
0 0 24 47 208 180 
0 0 24 47 208 181 
0 0 24 47 208 182 
0 0 24 47 208 183 
0 0 24 47 208 184 
0 0 24 47 208 185 
0 0 24 47 208 186 
0 0 24 47 208 187 
0 0 24 47 208 188 
0 0 24 47 208 189 
0 0 24 47 208 190 
0 0 24 47 208 191 
0 0 24 47 208 192 
0 0 24 47 208 193 
0 0 24 47 208 194 
0 0 24 47 208 195 
0 0 24 47 208 196 
0 0 24 47 208 197 
0 0 24 47 208 198 
0 0 24 47 208 199 0 0 24 47 208 200 
0 0 24 47 208 201 0 0 24 47 208 202 0 0 24 47 208 203 0 0 24 47 208 204 0 0 24 47 208 205 
0 0 24 47 208 206 0 0 24 47 208 207 0 0 24 47 208 208 0 0 24 47 208 209 0 0 24 47 208 210 
0 0 24 47 208 211 0 0 24 47 208 212 0 0 24 47 208 213 0 0 24 47 208 214 0 0 24 47 208 215 
0 0 24 47 208 216 0 0 24 47 208 217 0 0 24 47 208 218 0 0 24 47 208 219 0 0 24 47 208 220 
0 0 24 47 208 221 0 0 24 47 208 222 0 0 24 47 208 223 0 0 24 47 208 224 0 0 24 47 208 225 
0 0 24 47 208 226 0 0 24 47 208 227 0 0 24 47 208 228 0 0 24 47 208 229 0 0 24 47 208 230 
0 0 24 47 208 231 0 0 24 47 208 232 0 0 24 47 208 233 0 0 24 47 208 234 0 0 24 47 208 235 
0 0 24 47 208 236 0 0 24 47 208 237 0 0 24 47 208 238 0 0 24 47 208 239 0 0 24 47 208 240 
0 0 24 47 208 241 0 0 24 47 208 242 0 0 24 47 208 243 0 0 24 47 208 244 0 0 24 47 208 245 
0 0 23 47 208 246 0 0 24 47 208 247 0 0 23 47 208 248 0 0 23 47 208 249 0 0 23 47 208 250 
0 0 24 47 208 251 0 0 23 47 208 252 0 0 23 49 208 253 
24 47 208 83 
0 0 24 47 208 84 0 0 24 47 208 85 0 0 24 47 208 86 0 0 24 48 208 87 0 0 24 48 208 88 
0 0 24 48 208 89 0 0 24 48 208 90 0 0 24 48 208 91 0 0 24 47 208 92 0 0 24 47 208 93 
0 0 24 47 208 94 0 0 24 48 208 95 0 0 24 48 208 96 0 0 24 48 208 97 0 0 24 48 208 98 
0 0 24 47 208 99 0 0 24 48 208 100 0 0 24 47 208 101 
0 0 24 47 208 102 
0 0 24 47 208 103 
0 0 24 47 208 104 
0 0 24 47 208 105 
0 0 24 47 208 106 
0 0 24 47 208 107 
0 0 24 47 208 108 
0 0 24 47 208 109 
0 0 24 47 208 110 
0 0 24 47 208 111 
0 0 24 47 208 112 
0 0 24 47 208 113 
0 0 24 47 208 114 
0 0 24 47 208 115 
0 0 24 47 208 116 
0 0 24 47 208 117 
0 0 24 47 208 118 
0 0 24 47 208 119 
0 0 24 47 208 120 
0 0 24 47 208 121 
0 0 24 47 208 122 
0 0 24 47 208 123 
0 0 24 47 208 124 
0 0 24 47 208 125 
0 0 24 47 208 126 
0 0 24 47 208 127 
0 0 24 47 208 128 
0 0 24 47 208 129 
0 0 24 47 208 130 
0 0 24 47 208 131 
0 0 24 47 208 132 
0 0 24 47 208 133 
0 0 24 47 208 134 
0 0 24 47 208 135 
0 0 24 47 208 136 
0 0 24 47 208 137 
0 0 24 47 208 138 
0 0 24 47 208 139 
0 0 24 47 208 140 
0 0 24 47 208 141 
0 0 24 47 208 142 
0 0 24 47 208 143 
0 0 24 47 208 144 
0 0 24 47 208 145 
0 0 24 47 208 146 
0 0 24 47 208 147 
0 0 24 47 208 148 
0 0 24 47 208 149 
0 0 24 47 208 150 
0 0 24 47 208 151 
0 0 24 47 208 152 
0 0 24 47 208 153 
0 0 24 47 208 154 
0 0 24 47 208 155 
0 0 24 47 208 156 
0 0 24 47 208 157 
0 0 24 47 208 158 
0 0 24 47 208 159 
0 0 24 47 208 160 
0 0 24 47 208 161 
0 0 24 47 208 162 
0 0 24 47 208 163 
0 0 24 47 208 164 
0 0 24 47 208 165 
0 0 24 47 208 166 
0 0 24 47 208 167 
0 0 24 47 208 168 
0 0 24 47 208 169 
0 0 24 47 208 170 
0 0 24 47  
Client started
