1 0 0 
2 1 0 
3 1 0 
4 1 0 
5 2 0 
6 4 0 
7 4 0 
8 5 0 
9 7 0 
10 10 0 
11 10 0 
12 10 0 
13 10 0 
14 11 0 
15 11 0 
16 11 0 
17 12 0 
18 12 0 
19 13 0 
20 14 0 
21 17 0 
22 17 0 
23 17 0 
24 18 0 
25 19 0 
26 19 0 
27 25 0 
28 28 0 
29 28 0 
30 29 0 
31 29 0 
32 29 0 
33 29 0 
34 29 0 
35 29 0 
36 29 0 
37 31 0 
38 31 0 
39 31 0 
40 31 0 
41 32 0 
42 32 0 
43 33 0 
44 33 0 
45 33 0 
46 33 0 
47 33 0 
48 33 0 
49 36 0 
50 36 0 
51 37 0 
52 37 0 
53 37 0 
54 38 0 
55 38 0 
56 39 0 
57 39 0 
58 39 0 
59 40 0 
60 40 0 
61 40 0 
62 42 0 
63 42 0 
64 42 0 
65 42 0 
66 43 0 
67 43 0 
68 44 0 
69 44 0 
70 44 0 
71 46 0 
72 46 0 
73 46 0 
74 46 0 
75 46 0 
76 46 0 
77 47 0
78 47 0 
79 47 0 
80 47 0 
81 49 0 
82 50 0 
83 50 0 
84 51 0 
85 52 0 
86 53 0 
87 54 0 
88 54 0 
89 54 0 
90 55 0 
91 56 0 
92 58 0 
93 59 0 
94 62 0 