The values inside the EEPROM are : 
31 15 38 0 243 86
31 15 32 0 243 87 
31 15 37 0 243 88 
31 15 32 0 243 89 
31 15 30 0 243 90 
31 15 29 0 243 91 
31 15 35 0 243 92 
31 15 33 0 243 93 
31 15 30 0 243 94 
31 15 29 0 243 95 
31 15 37 0 243 96 
31 15 33 0 243 97 
31 15 29 0 243 98 
31 15 29 0 243 99 
31 15 38 0 243 100 
31 15 30 0 243 101 
31 15 29 0 243 102 
31 15 39 0 243 103 
31 15 29 0 243 104 
31 15 37 0 243 105 
31 15 33 0 243 106 
31 15 30 0 243 107 
31 15 29 0 243 108 
31 15 30 0 243 109 
31 15 33 0 243 110 
31 15 38 0 243 111 
31 15 31 0 243 112 
31 15 37 0 243 113 
31 15 30 0 243 114 
31 15 38 0 243 115 
31 15 36 0 243 116 
31 15 38 0 243 117 
31 15 36 0 243 118 
31 15 30 0 243 119 
31 15 37 0 243 120 
31 15 37 0 243 121 
31 15 32 0 243 122 
31 15 32 0 242 123 
31 15 38 0 242 124 
31 15 31 0 242 125 
31 15 33 0 242 126 
31 15 30 0 242 127 
31 15 38 0 242 128 
31 15 36 0 242 129 
31 15 39 0 242 130 
31 15 29 0 242 131 
31 15 38 0 242 132 
31 15 31 0 242 133 
31 15 39 0 242 134 
31 15 32 0 242 135 
31 15 36 0 242 136 
31 15 39 0 242 137 
31 15 32 0 242 138 
31 15 39 0 242 139 
31 15 36 0 242 140 
31 15 40 0 242 141 
31 15 37 0 242 142 
31 15 38 0 242 143 
31 15 30 0 242 144 
31 15 32 0 242 145 
31 15 39 0 242 146 
31 15 31 0 242 147 
31 15 31 0 242 148 
31 15 37 0 242 149 
31 15 31 0 242 150 
31 15 35 0 242 151 
31 15 38 0 242 152 
31 15 33 0 242 153 
31 15 38 0 242 154 
31 15 30 0 242 155 
31 15 30 0 242 156 
31 15 36 0 242 157 
31 15 36 0 242 158 
31 15 38 0 242 159 
31 15 30 0 242 160 
31 15 32 0 242 161 
31 15 38 0 242 162 
31 15 33 0 242 163 
31 15 38 0 242 164 
31 15 38 0 242 165 
31 15 39 0 242 166 
31 15 36 0 241 167 
31 15 38 0 241 168 
31 15 30 0 241 169 
31 15 36 0 241 170 
31 15 39 0 241 171 
31 15 37 0 241 172 
31 15 40 0 241 173 
31 15 38 0 241 174 
31 15 32 0 241 175 
31 15 34 0 241 176 
31 15 30 0 241 177 
31 15 41 0 241 178 
31 15 36 0 241 179 
31 15 38 0 242 180 
31 15 31 0 241 181 
31 15 40 0 241 182 
31 15 33 0 236 183 
31 15 35 0 231 184 
31 15 39 0 232 185 
      37 0 245 15 
31 15 34 0 245 16 
31 15 37 0 245 17 
31 15 31 0 245 18 
31 15 31 0 245 19 
31 15 30 0 245 20 
31 15 37 0 245 21 
31 15 30 0 245 22 
31 15 39 0 245 23 
31 15 30 0 245 24 
31 15 29 0 245 25 
31 15 35 0 245 26 
31 15 33 0 245 27 
31 15 31 0 245 28 
31 15 29 0 245 29 
31 15 36 0 245 30 
31 15 35 0 245 31 
31 15 37 0 245 32 
31 15 37 0 244 33 
31 15 37 0 244 34 
31 15 38 0 244 35 
31 15 38 0 244 36 
31 15 32 0 244 37 
31 15 29 0 244 38 
31 15 36 0 244 39 
31 15 38 0 244 40 
31 15 30 0 244 41 
31 15 37 0 244 42 
31 15 38 0 244 43 
31 15 31 0 244 44 
31 15 36 0 244 45 
31 15 37 0 244 46 
31 15 39 0 244 47 
31 15 33 0 244 48 
31 15 32 0 244 49 
31 15 40 0 244 50 
31 15 30 0 244 51 
31 15 29 0 244 52 
31 15 31 0 244 53 
31 15 37 0 244 54 
31 15 29 0 244 55 
31 15 33 0 244 56 
31 15 35 0 244 57 
31 15 29 0 244 58 
31 15 33 0 244 59 
31 15 30 0 244 60 
31 15 38 0 244 61 
31 15 38 0 244 62 
31 15 32 0 244 63 
31 15 33 0 244 64 
31 15 35 0 244 65 
31 15 38 0 244 66 
31 15 38 0 244 67 
31 15 33 0 244 68 
31 15 36 0 244 69 
31 15 29 0 244 70 
31 15 32 0 244 71 
31 15 38 0 244 72 
31 15 36 0 244 73 
31 15 36 0 244 74 
31 15 35 0 244 75 
31 15 38 0 244 76 
31 15 37 0 244 77 
31 15 38 0 243 78 
31 15 31 0 243 79 
31 15 38 0 243 80 
31 15 33 0 243 81 
31 15 38 0 243 82 
31 15 38 0 243 83 
31 15 31 0 243 84 
31 15 37 0 243 85 