LoRa Sender
The values inside the EEPROM are : 16 42 14 204 90 203 70 
1 33 18 31 56 203 70 
2 34 20 29 56 203 70 
3 34 20 38 59 202 69 
4 34 20 32 57 203 69 
5 34 20 35 57 203 70 
6 35 19 38 56 203 70 
7 35 19 36 57 202 70 
8 35 19 32 56 203 70 9 35 19 40 57 203 70 10 36 19 47 57 203 70 11 36 19 45 57 203 70 12 36 19 30 56 203 71 13 36 19 30 55 203 71 
14 36 19 31 56 203 70 
15 36 19 31 52 203 72 
16 37 18 30 53 203 72 
17 37 18 48 51 203 73 
18 37 18 32 51 203 73 
19 37 18 50 53 203 72 
20 37 18 37 52 203 72 
21 37 18 41 53 203 72 
22 37 18 42 52 203 72 
23 37 18 41 53 203 72 
24 37 18 30 51 203 73 
25 37 18 31 51 203 73 
26 37 18 37 54 203 71 
27 37 18 41 54 203 72 28 37 18 46 57 203 71 29 37 18 41 55 203 71 30 38 18 38 55 203 71 31 38 18 31 56 203 71 32 38 18 47 56 203 71 
33 38 18 40 55 203 71 34 38 18 33 55 203 71 35 38 18 46 55 203 71 36 38 18 40 56 203 71 37 38 18 41 54 203 71 38 38 18 42 54 203 71 
39 38 18 32 56 203 71 40 39 17 39 54 203 72 41 39 17 40 54 203 71 42 39 17 38 54 203 72 43 39 17 35 53 203 72 44 39 17 37 53 203 72 
45 39 17 37 53 203 72 46 39 17 35 55 203 72 47 39 17 45 53 203 72 48 39 17 41 53 203 72 49 40 17 36 53 203 72 50 40 17 46 52 203 73 
51 40 17 40 54 203 72 52 40 17 35 54 203 72 53 40 17 34 53 203 72 54 41 16 40 53 203 72 55 41 16 39 53 203 72 56 41 16 40 55 203 72 
57 41 16 32 54 203 72 58 41 16 42 54 203 72 59 41 16 47 53 203 73 60 41 16 36 53 203 72 61 41 16 33 53 203 72 62 41 16 34 52 203 73 
63 41 16 39 51 203 73 64 41 16 33 53 203 73 65 41 16 34 53 202 73 66 41 16 43 53 203 73 67 41 16 42 53 202 73 68 41 16 39 53 203 73 
69 41 16 43 53 202 73 70 41 16 34 50 203 74 71 41 16 36 52 202 73 72 41 16 37 52 202 73 73 41 16 40 51 202 73 74 41 16 34 53 202 73 
75 42 16 36 53 202 73 76 42 16 41 52 202 73 77 42 16 40 53 202 73 78 42 16 44 52 202 73 79 42 16 36 51 202 74 80 42 16 40 50 202 74 
81 42 16 41 48 202 75 82 42 16 39 50 203 74 83 42 16 35 49 203 74 84 42 16 43 49 203 74 85 42 16 39 50 203 73 86 42 16 37 50 203 74 
87 42 16 36 51 202 74 88 42 17 36 51 203 74 89 42 16 34 50 203 74 90 42 17 36 51 203 74 91 42 17 35 50 203 74 92 42 17 47 49 203 75 
93 42 17 34 49 203 75 94 42 17 43 49 203 75 95 42 17 41 49 203 75 96 42 17 42 49 203 75 97 42 17 42 49 203 75 98 42 17 48 49 203 75 
99 42 17 42 52 203 73 
100 42 17 36 48 203 75 
101 42 17 44 47 203 75 
102 42 17 34 48 203 75 
103 42 17 38 47 203 75 
104 42 17 34 46 203 75 
105 42 17 39 50 203 74 
106 42 17 38 50 203 74 
107 42 17 38 50 203 74 
108 42 17 35 50 203 74 
109 42 17 44 52 203 73 
110 42 17 35 52 203 73 
111 42 17 43 49 203 75 
112 42 17 43 50 203 75 
113 42 17 39 49 203 75 
114 42 17 36 46 203 76 
115 42 17 44 45 203 77 
116 42 17 40 51 203 74 
117 42 17 35 48 203 75 
118 42 17 53 14 204 90 
119 42 17 35 14 204 90 
120 42 17 35 13 204 90 
121 43 16 54 13 204 90 122 43 16 33 13 204 90 123 43 16 32 13 204 90 124 43 16 35 13 204 90 125 43 16 53 12 204 90 126 43 16 40 12 204 90 127 43 16 32 13 204 90 128 43 16 38 12 204 90 129 43 16 37 12 204 90 130 43 16 32 13 204 90 131 43 16 54 13 204 90 132 43 16 33 13 204 90 133 43 16 39 13 204 90 134 43 16 44 13 204 90 135 43 16 36 13 204 90 136 43 16 43 13 204 90 
137 43 16 50 12 204 90 
138 43 16 34 13 204 90 
139 43 16 42 13 204 90 
140 43 16 33 12 204 90 
141 43 16 40 13 204 90 
142 43 16 33 13 204 90 
143 43 16 33 14 204 90 
144 43 16 43 13 204 90 
145 43 16 41 13 204 90 
