The values inside the EEPROM are : 
26 18 42 0 240 1 
26 18 38 0 240 2 
26 18 29 0 240 3 
26 18 40 0 236 4 
26 18 28 0 236 5 
26 18 21 0 236 6 
	  43 0 244 92 
26 18 36 0 244 93 
26 18 30 0 244 94 
26 18 37 0 244 95 
26 18 23 0 244 96 
26 18 27 0 244 97 
26 18 21 0 244 98 
26 18 22 0 244 99 
26 18 27 0 244 100 
26 18 29 0 244 101 
26 18 24 0 244 102 
26 18 42 0 244 103 
26 18 28 0 244 104 
26 18 22 0 244 105 
26 18 26 0 244 106 
26 18 43 0 244 107 
26 18 22 0 244 108 
26 18 34 0 244 109 
26 18 24 0 244 110 
26 18 23 0 244 111 
26 18 24 0 244 112 
26 18 26 0 244 113 
26 18 26 0 244 114 
26 18 32 0 244 115 
26 18 30 0 244 116 
26 18 28 0 244 117 
26 18 22 0 244 118 
26 18 42 0 244 119 
26 18 29 0 244 120 
26 18 30 0 244 121 
26 18 22 0 244 122 
26 18 30 0 244 123 
26 18 29 0 244 124 
26 18 37 0 244 125 
26 18 37 0 243 126 
26 18 30 0 243 127 
26 18 22 0 243 128 
26 18 21 0 243 129 
26 18 24 0 243 130 
26 18 23 0 243 131 
26 18 28 0 243 132 
26 18 31 0 243 133 
26 18 37 0 243 134 
26 18 31 0 243 135 
26 18 21 0 243 136 
26 18 22 0 243 137 
26 18 24 0 243 138 
26 18 25 0 243 139 
26 18 31 0 243 140 
26 18 31 0 243 141 
26 18 31 0 243 142 
26 18 24 0 243 143 
26 18 27 0 243 144 
26 18 22 0 243 145 
26 18 22 0 243 146 
26 18 26 0 243 147 
26 18 22 0 243 148 
26 18 25 0 243 149 
26 18 38 0 243 150 
26 18 29 0 243 151 
26 18 25 0 243 152 
26 18 31 0 243 153 
26 18 21 0 243 154 
26 18 21 0 243 155 
26 18 22 0 243 156 
26 18 21 0 243 157 
26 18 28 0 243 158 
26 18 25 0 242 159 
26 18 26 0 242 160 
26 18 40 0 242 161 
26 18 24 0 242 162 
26 18 21 0 242 163 
26 18 31 0 242 164 
26 18 36 0 242 165 
26 18 22 0 242 166 
26 18 24 0 242 167 
26 18 22 0 242 168 
26 18 22 0 242 169 
26 18 21 0 242 170 
26 18 26 0 242 171 
26 18 36 0 242 172 
26 18 24 0 242 173 
26 18 25 0 242 174 
26 18 24 0 242 175 
26 18 23 0 242 176 
26 18 25 0 242 177 
26 18 31 0 242 178 
26 18 32 0 242 179 
26 18 31 0 242 180 
26 18 23 0 242 181 
26 18 24 0 242 182 
26 18 29 0 242 183 
26 18 22 0 242 184 
26 18 28 0 242 185 
26 18 30 0 242 186 
26 18 29 0 242 187 
26 18 26 0 242 188 
26 18 21 0 242 189 
26 18 22 0 242 190 
26 18 40 0 242 191 
26 18 25 0 242 192 
26 18 38 0 242 193 
26 18 24 0 242 194 
26 18 40 0 242 195 
26 18 24 0 242 196 
26 18 22 0 241 197 
26 18 23 0 241 198 
26 18 40 0 241 199 
26 18 31 0 241 200 
26 18 24 0 241 201 
26 18 26 0 241 202 
26 18 28 0 241 203 
26 18 29 0 241 204 
26 18 22 0 241 205 
26 18 22 0 241 206 
26 18 22 0 241 207 
26 18 23 0 241 208 
26 18 27 0 241 209 
26 18 29 0 241 210 
26 18 22 0 241 211 
26 18 41 0 241 212 
26 18 22 0 241 213 
26 18 23 0 241 214 
26 18 29 0 241 215 
26 18 22 0 241 216 
26 18 30 0 241 217 
26 18 31 0 241 218 
26 18 43 0 241 219 
26 18 28 0 241 220 
26 18 28 0 241 221 
26 18 26 0 240 222 
26 18 30 0 241 223
26 18 32 0 240 224 
26 18 25 0 240 225 
26 18 22 0 240 226 
26 18 22 0 240 227 
26 18 43 0 240 228 
26 18 44 0 240 229 
26 18 25 0 240 230 
26 18 29 0 240 231 
26 18 43 0 240 232 
26 18 22 0 240 233 
26 18 22 0 240 234 
26 18 41 0 240 235 
26 18 24 0 240 236 
26 18 42 0 240 237 
26 18 23 0 240 238 
26 18 31 0 240 239 
26 18 43 0 240 240 
26 18 24 0 240 241 
26 18 31 0 240 242 
26 18 32 0 240 243 
26 18 24 0 240 244 
26 18 27 0 240 245 
26 18 24 0 240 246 
26 18 25 0 240 247 
26 18 39 0 240 248 
26 18 31 0 240 249 
26 18 31 0 240 250 
26 18 24 0 240 251 
26 18 35 0 240 252 
26 18 25 0 240 253 
26 18 31 0 240 254 
26 18 22 0 240 255 
26 18 24 0 240 0