The values inside the EEPROM are : 
1 0 0 
2 0 0 
3 0 0 
4 0 0 
5 0 0 
6 0 0 
7 0 0 
8 0 0 
9 0 0 
10 0 0 
11 0 0 
12 0 0 
13 0 0 
14 0 0 
15 0 0 
16 0 0 
17 0 0 
18 0 0 
19 0 0 
20 0 0 
21 0 0 
22 0 0 
23 0 0 
24 0 0 
25 0 0
26 0 0 
27 0 0 
28 0 0 
29 0 0 
30 0 0 
31 0 0 
32 0 0 
33 0 0 
34 0 0 
35 0 0 
36 0 0 
37 0 0 
38 0 0 
39 0 0 
40 2 0 
41 2 0 
42 2 0 
43 2 0 
44 2 0 
45 2 0 
46 2 0 
47 2 0 
48 2 0 
49 2 0 
50 2 0 
51 2 0 
52 2 0 
53 2 0 
54 2 0 
55 2 0 
56 2 0 
57 2 0 
58 2 0 
59 2 0 
60 2 0 
61 2 0 
62 2 0 
63 2 0 
64 2 0 
65 2 0 
66 2 0 
67 2 0 
68 2 0 
69 3 0 
70 3 0 
71 3 0 
72 3 0 
73 3 0 
74 3 0 
75 3 0 
76 3 0 
77 3 0 
78 3 0 
79 3 0 
80 3 0 
81 3 0 
82 3 0 
83 3 0 
84 3 0 
85 3 0 
86 3 0 
87 3 0 
88 3 0 
89 3 0 
90 3 0 
91 3 0 
92 3 0 
93 3 0 
94 3 0 
95 3 0 
96 3 0 
97 3 0 
98 3 0 
99 4 0 
100 5 0 
101 5 0 
102 5 0 
103 5 0 
104 5 0 
105 5 0 
106 5 0 
107 5 0 
108 5 0 
109 5 0 
110 5 0 
111 5 0 
112 5 0 
113 5 0 
114 5 0 
115 5 0 
116 5 0 
117 5 0 
118 5 0 
119 5 0 
120 5 0 
121 5 0 
122 5 0 
123 5 0 
124 5 0 
125 5 0 
126 5 0 
127 5 0 
128 5 0 
129 5 0 
130 5 0
131 5 0 
132 6 0 
133 6 0 
134 6 0 
135 6 0 
136 6 0 
137 6 0 
138 6 0 
139 6 0 
140 6 0 
141 6 0 
142 6 0 
143 6 0 
144 6 0 
145 6 0 
146 6 0 
147 6 0 
148 6 0 
149 6 0 
150 6 0 
151 6 0 
152 6 0 
153 6 0 
154 6 0 
155 6 0 
156 6 0 
157 6 0 
158 6 0 
159 6 0 
160 6 0 
161 6 0 
162 6 0 
163 6 0 
164 6 0 
165 6 0 
166 6 0 

16:52:25.559 -> Server started
