The values inside the EEPROM are : 
			 171 171 
27 18 140 38 171 172 
27 18 145 38 171 173 
27 18 141 38 171 174 
27 18 142 38 171 175 
27 18 142 38 171 176 
27 18 146 38 171 177 
27 18 141 38 171 178 
27 18 149 38 171 179 
27 18 142 38 171 180 
27 18 138 38 171 181 
27 18 143 38 171 182 
27 18 143 38 171 183 
27 18 146 38 171 184 
27 18 145 38 171 185 
27 18 152 38 171 186 
27 18 145 38 171 187 
27 18 140 38 171 188 
27 18 137 38 171 189 
27 18 144 38 171 190 
27 19 150 38 171 191 
27 18 138 38 171 192 
27 18 139 38 171 193 
27 18 138 38 171 194 
27 18 154 38 171 195 
27 18 144 38 171 196 
27 19 137 38 171 197 
27 19 151 38 171 198 
27 18 146 38 171 199 
27 18 144 38 171 200 
27 19 151 38 171 201 
27 18 142 38 171 202 
27 18 144 38 171 203 
27 18 137 38 171 204 
27 19 142 38 171 205 
27 19 152 38 171 206 
27 19 144 38 171 207 
27 19 141 38 171 208 
27 19 146 38 171 209 
27 19 137 38 171 210 
27 18 137 38 171 211 
27 19 142 38 171 212 
27 19 146 38 171 213 
27 19 155 38 171 214 
27 18 144 38 171 215 
27 19 154 38 171 216 
27 19 138 38 171 217 
27 19 146 38 171 218 
27 19 141 38 171 219 
27 19 139 38 171 220 
27 19 146 38 171 221 
27 19 141 38 171 222 
27 19 146 38 171 223 
27 19 138 38 171 224 
27 19 141 38 171 225 
27 19 137 38 171 226 
27 19 140 38 171 227 
27 19 154 38 171 228 
27 19 154 38 171 229 
27 19 149 38 171 230 
27 19 144 38 171 231 
27 19 138 38 171 232 
27 19 141 38 171 233 
27 19 143 38 171 234 
27 19 139 38 171 235 
27 19 143 38 171 236 
27 19 141 38 171 237 
27 19 138 38 171 238 
27 19 141 38 171 239 
27 19 137 38 171 240 
27 19 145 38 171 241 
27 19 140 38 171 242 
27 19 142 38 171 243 
27 19 142 38 171 244 
27 19 137 38 171 245 
27 19 154 38 171 246 
27 19 149 38 171 247 
27 19 155 38 171 248 
27 19 141 38 171 249 
27 19 150 38 171 250 
27 19 145 38 171 251 
27 19 152 38 171 252 
27 19 155 38 171 253 
27 19 149 38 171 254 
27 19 143 38 171 255 
27 19 137 38 171 0 
27 19 137 38 171 1 
27 19 138 38 171 2 
27 19 152 38 171 3 
27 19 144 38 171 4 
27 19 141 38 171 5 
27 20 140 38 171 6 
27 19 142 38 171 7 
27 19 145 38 171 8 
27 19 141 38 171 9 
27 19 142 38 171 10 
27 19 137 38 171 11
27 19 139 38 171 12 
27 19 154 38 171 13 
27 20 139 38 171 14 
27 19 143 38 171 15 
27 20 139 38 171 16 
27 20 145 38 171 17 
27 20 154 38 171 18 
27 20 137 38 171 19 
27 19 137 38 171 20 
27 19 138 38 171 21 
27 19 137 38 171 22 
27 20 137 38 171 23 
27 20 142 38 169 24 
27 19 144 38 169 25 
27 19 153 38 169 26 
27 19 138 38 169 27 
27 20 148 38 170 28 
27 20 140 38 169 29 
27 20 141 38 168 30 
27 19 139 38 163 31 
27 19 138 38 164 32 
27 19 139 38 163 33 
	  137 38 171 119 
27 18 154 38 171 120 
27 18 146 38 171 121 
27 18 152 38 171 122 
27 18 154 38 171 123 
27 18 141 38 171 124 
27 18 138 38 171 125 
27 18 146 38 171 126 
27 18 143 38 171 127 
27 18 138 38 171 128 
27 18 141 38 171 129 
27 18 153 38 171 130 
27 18 149 38 171 131 
27 18 145 38 171 132 
27 18 146 38 171 133 
27 18 150 38 171 134 
27 18 138 38 171 135 
27 18 137 38 171 136 
27 18 137 38 171 137 
27 18 137 38 171 138 
27 18 139 38 171 139 
27 18 155 38 171 140 
27 18 144 38 171 141 
27 18 138 38 171 142 
27 18 144 38 171 143 
27 18 141 38 171 144 
27 18 139 38 171 145 
27 18 138 38 171 146 
27 18 140 38 171 147 
27 18 143 38 171 148 
27 18 143 38 171 149 
27 18 137 38 171 150 
27 18 137 38 171 151 
27 18 137 38 171 152 
27 18 139 38 171 153 
27 18 138 38 171 154 
27 18 145 38 171 155 
27 18 137 38 171 156 
27 18 142 38 171 157 
27 18 150 38 171 158 
27 18 137 38 171 159 
27 18 141 38 171 160 
27 18 138 38 171 161 
27 18 142 38 171 162 
27 18 152 38 171 163 
27 18 142 38 171 164 
27 18 137 38 171 165 
27 18 138 38 171 166 
27 18 155 38 171 167 
27 18 139 38 171 168 
27 18 144 38 171 169 
27 18 141 38 171 170 
27 18 138 38  
16:53:26.382 -> Client started
