The values inside the EEPROM are : 
24 22 35 14 208 1 
24 19 45 14 211 2 
24 19 45 14 211 3 
24 19 33 14 211 4 
24 19 34 14 211 5 
24 19 50 14 211 6 
25 18 25 14 211 7 
24 19 52 14 211 8 
25 18 27 14 211 9 
25 18 26 14 211 10 
25 18 34 14 211 11 
24 19 26 14 210 12 
25 18 38 14 210 13 
25 18 45 14 210 14 
25 18 28 14 210 15 
25 18 34 14 209 16 
25 18 28 14 209 17 
25 18 35 14 209 18 
25 18 25 14 209 19 
25 18 30 14 209 20 
25 18 50 14 209 21 
25 18 29 14 208 22 
25 18 37 14 208 23 
25 18 38 14 208 24 
25 18 25 14 208 25 
25 18 34 14 208 26 
25 18 29 13 207 27 
25 18 31 13 207 28 
25 18 30 13 207 29 
25 18 34 13 206 30 
25 18 26 13 206 31 
25 18 26 13 206 32 
25 18 45 13 206 33 
25 18 47 13 205 34 
25 18 40 13 205 35 
25 18 39 13 205 36 
25 18 31 13 204 37 
25 18 37 13 204 38 
24 19 38 13 204 39 
24 19 31 13 203 40 
25 18 28 13 203 41 
24 19 31 13 203 42 
25 18 30 13 202 43 
24 19 52 13 202 44 
24 19 27 13 201 45 
24 19 48 13 201 46 
24 19 38 13 200 47 
24 19 26 13 200 48 
24 19 27 13 199 49 
24 19 34 13 198 50 
24 19 39 13 198 51 
24 19 39 13 197 52 
24 19 37 13 196 53 
24 19 27 13 196 54 
24 19 38 13 195 55 
24 19 51 13 194 56 
24 19 33 13 193 57 
24 19 39 13 193 58 
24 19 31 13 192 59 
24 19 27 13 191 60 
24 19 40 13 190 61 
24 19 36 12 189 62 
24 19 46 12 188 63 
24 19 49 12 187 64 
24 19 32 12 186 65 
24 19 28 12 185 66 
24 19 40 12 184 67 
24 19 42 12 182 68 
24 19 53 12 180 69 
24 19 39 12 178 70 
0 0 0 0 0 0 0 0 0 0 0 0 0 0 0 0 0 0 0 0 0 0 0 0 0 0 0 0 0 0 0 0 0 0 0 0 0 0 0 0 0 0 0 0 0 0 0 0 0 0 0 0 0 0 0 0 0 0 0 0 0 0 0 0 0 0 0 0 0 0 0 0 0 0 0 0 0 0 0 0 0 0 0 0 0 0 0 0 0 0 0 0 0 0 0 0 0 0 0 0 0 0 0 0 0 0 0 0 0 0 0 0 0 0 0 0 0 0 0 0 0 0 0 0 0 0 0 0 0 0 0 0 0 0 0 0 0 0 0 0 0 0 0 0 0 0 0 0 0 0 0 0 0 0 0 0 0 0 0 0 0 0 0 0 0 0 0 0 0 0 0 0 0 0 0 0 0 0 0 0 0 0 0 0 0 0 0 0 0 0 0 0 0 0 0 0 0 0 0 0 0 0 0 0 0 0 0 0 0 0 0 0 0 0 0 0 0 0 0 0 0 0 0 0 0 0 0 0 0 0 0 0 0 0 0 0 0 0 0 0 0 0 0 0 0 0 0 0 0 0 0 0 0 0 0 0 0 0 0 0 0 0 0 0 0 0 0 0 0 0 0 0 0 0 0 0 0 0 0 0 0 0 0 0 0 0 0 0 0 0 0 0 0 0 0 0 0 0 0 0 0 0 0 0 0 0 0 0 0 0 0 0 0 0 0 0 0 0 0 0 0 0 0 0 0 0 0 0 0 0 0 0 0 0 0 0 0 0 0 0 0 0 0 0 0 0 0 0 0 0 0 0 0 0 0 0 0 0 0 0 0 0 0 0 0 0 0 0 0 0 0 0 0 0 0 0 0 0 0 0 0 0 0 0 0 0 0 0 0 0 0 0 0 0 0 0 0 0 0 0 0 0 0 0 0 0 0 0 0 0 0 0 0 0 0 0 0 0 0 0 0 0 0 0 0 0 0 0 0 0 0 0 0 0 0 0 0 0 0 0 0 0 0 0 0 0 0 0 0 0 0 0 0 0 0 0 0 0 0 0 0 0 0 0 0 0 0 0 0 0 0 0 0 0 0 0 0 0 0 0 0 0 0 0 0 0 0 0 0 0 0 0 0 0 0 0 0 0 0 0 0 0 0 0 0 0 0 0 0 0 0 0 0 0 0 0 0 0 0 0 0 0 0 0 0 0 0 0 0 0 0 0 0 0 0 0 0 0 0 0 0 0 0 0 0 0 0 0 0 0 0 0 0 0 0 0 0 0 0 0 0 0 0 0 0 0 0 0 0 0 0 0 0 0 0 0 0 0 0 0 0 0 0 0 0 0 0 0 0 0 0 0 0 0 0 0 0 0 0 0 0 0 0 0  
Client started
