The values inside the EEPROM are : 
		 204 171 
0 0 38 0 204 172 
0 0 38 0 204 173 
0 0 38 0 204 174 
0 0 38 0 204 175 
0 0 38 0 204 176 
0 0 38 0 204 177 
0 0 38 0 204 178 
0 0 38 0 204 179 
0 0 38 0 204 180 
0 0 38 0 204 181 
0 0 38 0 204 182 
0 0 38 0 204 183 
0 0 38 0 204 184 
0 0 38 0 204 185 
0 0 38 0 204 186 
0 0 38 0 204 187 
0 0 38 0 204 188 
0 0 38 0 204 189
0 0 38 0 204 190
0 0 38 0 204 191 
0 0 38 0 204 192 
0 0 38 0 204 193 
0 0 38 0 204 194 
0 0 39 0 204 195 
0 0 39 0 204 196 
0 0 38 0 204 197 
0 0 39 0 204 198 
0 0 38 0 204 199 
0 0 39 0 204 200 
0 0 38 0 204 201 
0 0 39 0 204 202 
0 0 39 0 204 203 
0 0 39 0 204 204 
0 0 39 0 204 205 0 0 39 0 204 206 0 0 39 0 204 207 0 0 39 0 204 208 0 0 39 0 204 209 0 0 39 0 204 210 0 0 39 0 204 211 0 0 39 0 204 212 0 0 39 0 204 213 0 0 39 0 204 214 0 0 39 0 204 215 0 0 39 0 204 216 0 0 39 0 204 217 0 0 39 0 204 218 0 0 39 0 204 219 0 0 39 0 204 220 0 0 39 0 204 221 0 0 39 0 204 222 0 0 39 0 204 223 0 0 39 0 204 224 0 0 39 0 204 225 0 0 39 0 204 226 0 0 39 0 204 227 0 0 39 0 204 228 0 0 39 0 204 229 0 0 39 0 204 230 0 0 39 0 204 231 0 0 39 0 204 232 0 0 39 0 204 233 0 0 39 0 204 234 0 0 39 0 204 235 0 0 39 0 204 236 0 0 39 0 204 237 0 0 39 0 204 238 0 0 39 0 204 239 0 0 39 0 204 240 0 0 39 0 204 241 0 0 39 0 204 242 0 0 39 0 204 243 0 0 39 0 204 244 0 0 39 0 204 245 0 0 39 0 204 246 0 0 39 0 204 247 0 0 39 0 204 248 0 0 39 0 204 249 0 0 39 0 204 250 0 0 39 0 204 251 0 0 39 0 204 252 0 0 39 0 204 253 0 0 39 0 204 254 0 0 39 0 204 255 0 0 39 0 204 0 0 0 39 0 204 1 0 0 39 0 204 2 0 0 39 0 204 3 0 0 39 0 204 4 0 0 39 0 204 5 0 0 39 0 204 6 0 0 39 0 204 7 0 0 39 0 204 8 0 0 39 0 204 9 0 0 39 0 204 10 0 0 39 0 204 11 0 0 39 0 204 12 0 0 39 0 204 13 0 0 39 0 204 14 0 0 39 0 204 15 0 0 39 0 204 16 0 0 39 0 204 17 0 0 39 0 204 18 0 0 39 0 204 19 0 0 39 0 204 20 0 0 39 0 204 21 0 0 39 0 204 22 0 0 39 0 204 23 0 0 39 0 204 24 0 0 39 0 204 25 0 0 39 0 204 26 0 0 39 0 204 27 0 0 39 0 204 28 0 0 39 0 204 29 0 0 39 0 204 30 0 0 39 0 204 31 0 0 39 0 204 32 0 0 39 0 204 33 0 0 39 0 204 34 0 0 39 0 204 35 0 0 39 0 204 36 0 0 39 0 204 37 0 0 39 0 204 38 0 0 39 0 204 39 0 0 39 0 204 40 0 0 39 0 204 41 0 0 39 0 204 42 0 0 39 0 204 43 0 0 39 0 204 44 0 0 39 0 204 45 0 0 39 0 204 46 0 0 39 0 204 47 0 0 40 0 204 48 0 0 39 0 204 49 0 0 40 0 204 50 0 0 40 0 204 51 0 0 40 0 204 52 0 0 40 0 204 53 0 0 40 0 204 54 0 0 40 0 204 55 0 0 40 0 204 56 0 0 40 0 204 57 0 0 40 0 204 58 0 0 40 0 204 59 38 0 204 145 0 0 38 0 204 146 0 0 38 0 204 147 0 0 38 0 204 148 0 0 38 0 204 149 0 0 38 0 204 150 0 0 38 0 204 151 0 0 38 0 204 152 0 0 38 0 204 153 0 0 38 0 204 154 0 0 38 0 204 155 0 0 38 0 204 156 0 0 38 0 204 157 0 0 38 0 204 158 0 0 38 0 204 159 0 0 38 0 204 160 0 0 38 0 204 161 0 0 38 0 204 162 0 0 38 0 204 163 0 0 38 0 204 164 0 0 38 0 204 165 0 0 38 0 204 166 0 0 38 0 204 167 0 0 38 0 204 168 0 0 38 0 204 169 0 0 38 0 204 170 0 0 38 0  
Client started
