LoRa Receiver
The values inside the EEPROM are : 
106 1 96 1 8 
147 146 106 1 104 1 7 
148 146 106 1 104 1 6 
149 146 106 1 96 1 8 
150 146 106 1 103 1 7 
151 146 106 1 103 1 7 
152 146 106 1 103 1 7 
153 146 106 1 103 1 6 
154 146 106 1 103 1 6 
155 146 106 1 104 1 7 
156 146 106 1 103 1 7 
157 146 106 1 103 1 7 
158 146 106 1 103 1 8 159 146 106 1 96 1 9 160 146 106 1 95 1 8 161 146 106 1 104 1 7 162 146 106 1 96 1 9 163 146 106 1 103 1 7 164 146 106 1 104 1 7 165 146 106 1 104 1 6 166 146 106 1 104 1 7 167 146 106 1 96 1 8 168 146 106 1 104 1 6 1 8 23 27 104 1 92 1 9 24 28 104 1 93 1 10 25 29 104 1 104 1 7 26 30 104 1 103 1 7 27 31 104 1 103 1 7 28 32 104 1 103 1 7 29 33 104 1 104 1 6 30 34 104 1 104 1 8 31 35 104 1 103 1 7 32 36 104 1 103 1 7 33 37 104 1 104 1 7 34 38 104 1 104 1 7 35 39 104 1 104 1 7 36 41 104 1 95 1 8 37 42 104 1 104 1 8 38 43 104 1 93 1 8 39 44 104 1 104 1 7 40 45 104 1 105 1 7 41 46 104 1 96 1 9 42 47 104 1 96 1 8 43 0 104 1 103 1 7 44 0 104 1 94 1 10 45 50 104 1 102 1 7 46 51 104 1 104 1 6 47 57 104 1 95 1 9 48 53 104 1 104 1 6 49 54 104 1 103 1 7 50 55 104 1 95 1 8 51 57 104 1 95 1 9 52 58 104 1 104 1 9 53 59 104 1 104 1 7 54 60 104 1 103 1 7 55 61 104 1 104 1 6 56 62 104 1 104 1 7 57 63 104 1 95 1 7 58 64 104 1 95 1 7 59 65 104 1 95 1 8 60 66 104 1 104 1 7 61 67 104 1 103 1 6 62 68 104 1 103 1 6 63 69 104 1 104 1 6 64 70 104 1 103 1 6 65 71 104 1 103 1 7 66 72 104 1 104 1 7 67 73 105 1 103 1 6 68 74 105 1 103 1 6 69 75 105 1 103 1 7 70 76 105 1 103 1 7 71 77 105 1 103 1 7 72 78 105 1 104 1 7 73 79 105 1 103 1 6 74 80 105 1 104 1 7 75 81 105 1 104 1 5 76 82 105 1 104 1 6 77 83 105 1 104 1 7 78 84 105 1 104 1 6 79 85 105 1 104 1 6 80 86 105 1 104 1 6 81 87 105 1 96 1 7 82 88 105 1 104 1 6 83 89 105 1 103 1 5 84 90 105 1 104 1 6 85 91 105 1 104 1 6 86 92 105 1 104 1 6 87 93 105 1 104 1 5 88 94 105 1 96 1 7 89 95 105 1 104 1 6 90 96 105 1 104 1 6 91 97 105 1 104 1 7 92 98 105 1 104 1 6 93 9 105 1 104 1 9 94 100 105 1 104 1 7 95 101 105 1 104 1 8 96 102 105 1 104 1 7 97 103 105 1 94 1 7 98 104 105 1 103 1 6 99 105 105 1 96 1 8 100 106 105 1 104 1 6 101 107 105 1 103 1 7 102 108 105 1 103 1 7 103 109 105 1 103 1 6 104 118 105 1 103 1 7 105 111 105 1 104 1 7 106 112 105 1 103 1 7 107 113 105 1 104 1 6 108 114 105 1 104 1 6 109 115 105 1 104 1 6 110 41 105 1 104 1 7 111 118 105 1 104 1 6 112 119 105 1 104 1 7 113 120 105 1 104 1 6 114 121 105 1 104 1 6 115 122 105 1 104 1 7 116 123 105 1 95 1 9 117 124 105 1 103 1 7 118 125 105 1 104 1 7 119 126 105 1 104 1 7 120 127 105 1 103 1 7 121 128 105 1 103 1 7 122 129 105 1 104 1 7 123 130 105 1 104 1 8 124 131 105 1 95 1 10 125 5 105 1 104 1 8 126 133 105 1 103 1 7 127 134 105 1 103 1 7 128 135 105 1 104 1 6 129 136 106 1 103 1 6 130 137 106 1 96 1 9 131 138 106 1 95 1 8 132 139 106 1 104 1 7 133 140 106 1 104 1 7 134 141 106 1 103 1 7 135 142 106 1 104 1 8 136 143 106 1 91 1 9 137 144 106 1 95 1 9 138 145 106 1 104 1 7 139 146 106 1 104 1 7 140 146 106 1 96 1 8 141 146 106 1 103 1 6 142 146 106 1 104 1 7 143 146 106 1 104 1 6 144 146 106 1 95 1 7 145 146 106 1 95 1 9 146 146  
