LoRa Sender
The values inside the EEPROM are : 
23 25 73 205 40 205 42 
1 28 23 34 72 205 42 
2 28 23 28 72 205 42 
3 28 23 33 72 205 42 
4 28 23 32 72 205 42 
5 28 23 31 72 205 42 
6 28 23 26 72 205 42 
7 28 23 30 72 205 42 
8 28 23 31 72 205 42 9 28 23 29 72 205 42 10 28 23 24 72 205 42 11 28 23 29 72 205 42 12 28 23 25 72 205 42 13 28 23 24 72 205 42 14 28 23 34 72 205 42 15 28 23 28 72 205 42 16 28 23 31 72 205 42 17 28 23 24 72 205 42 18 28 23 24 72 205 42 19 28 23 26 72 205 41 20 28 23 28 72 205 41 21 28 23 24 72 205 41 22 28 23 27 72 205 41 23 28 23 32 72 205 41 24 28 23 27 72 205 41 25 28 23 26 72 205 41 26 28 23 32 72 205 41 27 28 23 29 72 205 41 28 28 23 28 72 205 41 29 28 23 25 72 205 41 30 28 23 32 72 205 41 31 28 23 27 72 205 41 32 28 23 25 72 205 41 33 28 23 24 72 205 41 34 28 23 28 72 205 41 35 28 23 28 72 205 41 36 28 23 31 72 205 41 37 28 23 30 72 205 41 38 28 23 26 72 205 41 39 28 23 28 72 205 41 40 28 23 31 72 205 41 41 28 23 26 72 205 41 42 28 23 25 72 205 41 43 28 23 25 72 205 41 44 28 23 26 72 205 41 45 28 23 30 72 205 41 46 28 23 24 72 205 41 47 28 23 28 72 205 41 48 28 23 31 72 205 41 49 28 23 27 72 205 41 50 28 23 30 72 205 41 51 28 23 32 72 205 41 52 28 23 29 72 205 41 53 28 23 31 72 205 41 54 28 23 32 72 205 41 55 28 23 31 72 205 41 56 28 23 32 72 205 41 57 28 23 31 72 205 41 58 28 23 28 72 205 41 59 28 23 28 72 205 41 60 28 23 24 72 205 41 61 28 23 25 72 205 41 62 28 23 31 72 205 41 63 28 23 33 72 205 41 64 28 23 26 72 205 41 65 28 23 33 72 205 41 66 28 23 31 73 205 41 67 28 23 24 73 205 41 68 28 23 29 72 205 41 69 28 23 25 72 205 41 70 28 23 25 72 205 41 71 28 23 31 72 205 41 72 28 23 31 72 205 41 73 28 23 28 72 205 41 74 28 23 33 72 205 41 75 28 23 25 72 205 41 76 28 23 32 73 205 41 77 28 23 34 73 205 41 78 28 23 25 72 205 41 79 28 23 29 72 205 41 80 28 23 30 72 205 41 81 28 23 27 73 205 41 82 28 23 29 73 205 41 83 28 23 25 73 205 41 84 28 23 25 73 205 41 85 28 23 24 73 205 41 86 28 23 25 73 205 41 87 28 23 24 73 205 41 88 28 23 28 73 205 41 89 28 23 27 73 205 41 90 28 23 26 73 205 41 91 28 23 30 73 205 41 92 28 23 30 73 205 41 93 28 23 25 73 205 41 94 28 23 26 73 205 41 95 28 23 25 73 205 41 96 28 23 30 73 205 41 97 28 23 25 73 205 41 98 28 23 32 73 205 41 99 28 23 28 73 205 41 100 28 23 31 73 205 41 101 28 23 31 73 205 41 102 28 23 28 73 205 41 103 28 23 29 73 205 41 104 28 23 28 73 205 41 105 28 23 24 73 205 41 106 28 23 31 73 205 41 107 28 23 31 73 205 41 108 28 23 28 73 205 41 109 28 23 32 73 205 41 110 28 23 31 73 205 41 111 28 23 30 73 205 40 112 28 23 25 73 205 40 113 28 23 28 73 205 41 114 28 23 25 73 205 40 115 28 23 32 73 205 41 116 28 23 32 73 205 40 117 28 23 25 73 205 41 118 28 23 31 73 205 41 119 28 23 32 73 205 41 120 28 23 32 73 205 40 121 28 23 30 73 205 40 122 28 23 25 73 205 40 123 28 23 30 73 205 40 124 28 23 25 73 205 40 125 28 23 31 73 205 40 126 28 23 32 73 205 40 127 28 23 30 73 205 40 128 28 23 25 73 205 40 129 28 23 32 73 205 40 130 28 23 30 73 205 40 131 28 23 32 73 205 40 132 28 23 26 73 205 40 133 28 23 33 73 205 40 134 28 23 28 73 205 40 135 28 23 25 73 205 40 136 28 23 25 73 205 40 137 28 23 32 73 205 40 138 28 23 27 73 205 40 139 28 23 26 73 205 40 140 28 23 28 73 205 40 141 28 23 25 73 205 40 142 28 23 30 73 205 40 143 28 23 25 73 205 40 144 28 23 25 73 205 40 145 28 23 29 73 205 40 146 28  
