The values inside the EEPROM are : 246 0 162 86 
0 0 246 0 162 87 
0 0 246 0 162 88 
0 0 246 0 161 89 
0 0 246 0 162 90 
0 0 246 0 162 91 
0 0 246 0 162 92 
0 0 246 0 162 93 
0 0 246 0 162 94 
0 0 246 0 161 95 
0 0 246 0 161 96 0 0 246 0 161 97 0 0 246 0 161 98 0 0 246 0 161 99 0 0 246 0 161 100 0 0 246 0 161 101 0 0 246 0 161 102 0 0 245 0 161 103 0 0 245 0 161 104 0 0 245 0 161 105 0 0 245 0 161 106 0 0 246 0 161 107 0 0 246 0 161 108 0 0 245 0 161 109 0 0 245 0 161 110 0 0 245 0 161 111 0 0 245 0 161 112 0 0 245 0 161 113 0 0 245 0 161 114 0 0 245 0 161 115 0 0 245 0 161 116 0 0 245 0 161 117 0 0 245 0 161 118 0 0 244 0 161 119 0 0 245 0 161 120 0 0 245 0 161 121 0 0 245 0 161 122 0 0 245 0 161 123 0 0 244 0 161 124 0 0 245 0 161 125 0 0 244 0 161 126 0 0 244 0 161 127 0 0 244 0 161 128 0 0 244 0 161 129 0 0 244 0 161 130 0 0 244 0 161 131 0 0 244 0 161 132 0 0 244 0 161 133 0 0 244 0 161 134 0 0 244 0 161 135 0 0 244 0 161 136 0 0 244 0 161 137 0 0 244 0 161 138 0 0 244 0 161 139 0 0 244 0 161 140 0 0 244 0 161 141 0 0 244 0 161 142 0 0 244 0 161 143 0 0 243 0 161 144 0 0 243 0 161 145 0 0 244 0 161 146 0 0 243 0 161 147 0 0 243 0 161 148 0 0 243 0 161 149 0 0 243 0 161 150 0 0 243 0 162 151 0 0 243 0 161 152 0 0 243 0 162 153 0 0 243 0 162 154 0 0 243 0 161 155 0 0 243 0 162 156 0 0 243 0 161 157 0 0 243 0 162 158 0 0 243 0 161 159 0 0 243 0 162 160 0 0 242 0 162 161 0 0 242 0 162 162 0 0 242 0 162 163 0 0 243 0 161 164 0 0 242 0 162 165 0 0 243 0 161 166 0 0 242 0 162 167 0 0 242 0 162 168 0 0 242 0 162 169 0 0 242 0 162 170 0 0 242 0 162 171 0 0 242 0 162 172 0 0 242 0 162 173 0 0 242 0 162 174 0 0 242 0 162 175 0 0 242 0 162 176 0 0 242 0 162 177 0 0 242 0 162 178 0 0 242 0 162 179 0 0 242 0 162 180 0 0 242 0 162 181 0 0 242 0 162 182 0 0 241 0 162 183 0 0 241 0 162 184 0 0 241 0 162 185 0 0 241 0 162 186 253 1 160 16 0 0 252 1 160 17 0 0 252 1 160 18 0 0 252 1 160 19 0 0 252 1 160 20 0 0 252 1 160 21 0 0 253 1 160 22 0 0 252 1 160 23 0 0 252 1 160 24 0 0 252 0 160 25 0 0 252 1 160 26 0 0 252 1 160 27 0 0 252 1 160 28 0 0 252 1 160 29 0 0 252 1 160 30 0 0 252 1 160 31 0 0 252 1 160 32 0 0 252 0 160 33 0 0 252 1 160 34 0 0 252 1 160 35 0 0 252 0 160 36 0 0 252 1 160 37 0 0 252 0 160 38 0 0 251 1 160 39 0 0 251 1 160 40 0 0 251 0 160 41 0 0 251 1 160 42 0 0 251 0 160 43 0 0 251 1 160 44 0 0 251 1 160 45 0 0 251 1 160 46 0 0 251 1 160 47 0 0 251 1 160 48 0 0 251 0 160 49 0 0 251 1 160 50 0 0 251 1 160 51 0 0 251 1 160 52 0 0 251 0 160 53 0 0 251 1 160 54 0 0 251 0 160 55 0 0 250 0 160 56 0 0 250 0 160 57 0 0 251 0 160 58 0 0 250 0 160 59 0 0 250 0 160 60 0 0 250 0 160 61 0 0 250 0 161 62 0 0 250 0 161 63 0 0 250 0 160 64 0 0 250 0 161 65 0 0 250 0 161 66 0 0 248 0 162 67 0 0 248 0 162 68 0 0 248 0 162 69 0 0 248 0 162 70 0 0 248 0 162 71 0 0 247 0 162 72 0 0 248 0 162 73 0 0 247 0 163 74 0 0 247 0 162 75 0 0 247 0 162 76 0 0 247 0 163 77 0 0 247 0 162 78 0 0 247 0 162 79 0 0 247 0 162 80 0 0 247 0 162 81 0 0 247 0 162 82 0 0 247 0 162 83 0 0 247 0 162 84 0 0 246 0 162 85 0 0  
11:46:21.715 -> Client started
