LoRa Receiver
The values inside the EEPROM are : 
120 1 98 0 4 
147 146 120 1 98 0 4 
148 146 120 1 89 0 3 
149 146 120 1 89 0 3 
150 146 120 1 98 0 5 
151 146 120 1 98 0 5 
152 146 120 1 98 0 4 153 146 120 1 98 0 4 154 146 120 1 89 0 3 155 146 120 1 98 0 4 156 146 120 1 98 0 4 157 146 120 1 98 0 4 158 146 120 1 98 0 4 159 146 120 1 99 0 4 160 146 120 1 98 0 4 161 146 120 1 98 0 4 162 146 120 1 86 0 3 163 146 120 1 89 0 3 164 146 120 1 98 0 5 165 146 121 1 98 0 4 166 146 120 1 89 0 3 167 146 120 1 98 0 4 168 146 120 1 98 0 4 169 146 120 1 89 0 3 170 146 120 1 89 0 3 171 146 120 1 98 0 4 172 146 121 1 86 0 2 173 146 120 1 90 0 3 174 146 120 1 86 0 2 175 146 120 1 98 0 5 176 146 121 1 86 0 2 177 146 120 1 98 0 4 178 146 120 1 98 0 4 179 146 120 1 98 0 4 180 146 120 1 86 0 2 181 146 120 1 98 0 4 182 146 121 1 98 0 4 183 146 120 1 86 0 2 184 146 121 1 98 0 4 185 146 120 1 99 0 4 186 146 120 1 98 0 4 187 146 120 1 89 0 3 188 146 120 1 89 0 2 189 146 120 1 98 0 4 190 146 120 1 98 0 4 191 146 120 1 87 0 2 192 146 120 1 98 0 4 193 146 120 1 98 0 4 194 146 120 1 98 0 4 195 146 120 1 98 0 4 196 146 120 1 89 0 3 197 146 120 1 98 0 4 198 146 120 1 89 0 2 199 146 120 1 87 0 2 200 146 121 1 98 0 4 201 146 120 1 98 0 4 202 146 120 1 89 0 3 203 146 120 1 98 0 4 
204 146 120 1 89 0 3 
205 146 120 1 98 0 4 206 146 120 1 98 0 4 207 146 120 1 98 0 4 208 146 120 1 98 0 4 209 146 121 1 103 1 3 210 146 120 1 85 0 6 211 146 121 1 96 0 6 0 5 66 66 120 1 98 0 5 67 67 120 1 98 0 5 68 68 120 1 98 0 5 69 69 120 1 98 0 5 70 70 120 1 98 0 5 71 71 120 1 98 0 5 72 72 120 1 98 0 5 73 7 120 1 98 0 3 74 74 120 1 97 0 5 75 75 120 1 98 0 5 76 76 120 1 98 0 5 77 77 120 1 98 0 5 78 78 120 1 98 0 5 79 79 120 1 98 0 5 80 80 120 1 98 0 5 81 81 120 1 98 0 3 82 82 120 1 98 0 4 83 83 120 1 98 0 3 84 84 120 1 90 0 2 85 85 120 1 98 0 4 86 86 120 1 98 0 3 87 87 120 1 97 0 4 88 88 120 1 98 0 4 89 89 120 1 98 0 3 90 90 120 1 98 0 3 91 91 120 1 98 0 5 92 92 120 1 98 0 5 93 93 120 1 98 0 5 94 94 120 1 98 0 5 95 95 120 1 99 0 5 96 96 120 1 98 0 4 97 97 120 1 90 0 3 98 98 120 1 99 0 5 99 99 120 1 98 0 5 100 100 120 1 90 0 3 101 101 120 1 99 0 4 102 102 120 1 90 0 4 103 103 120 1 98 0 5 104 104 120 1 91 0 3 105 105 120 1 98 0 5 106 106 120 1 98 0 5 107 107 120 1 98 0 5 108 108 120 1 98 0 5 109 109 120 1 98 0 5 110 110 120 1 98 0 5 111 111 120 1 90 0 4 112 112 120 1 98 0 5 113 113 120 1 98 0 5 114 114 120 1 98 0 5 115 115 120 1 98 0 5 116 116 120 1 90 0 4 117 117 120 1 98 0 5 118 118 120 1 98 0 5 119 119 120 1 98 0 5 120 120 120 1 90 0 4 121 121 120 1 98 0 5 122 122 120 1 98 0 5 123 123 120 1 98 0 5 124 124 120 1 98 0 5 125 125 120 1 98 0 5 126 126 120 1 98 0 5 127 127 120 1 98 0 4 128 128 120 1 98 0 5 129 129 120 1 98 0 5 130 130 120 1 98 0 5 131 131 120 1 98 0 5 132 132 120 1 98 0 4 133 133 120 1 98 0 5 134 134 120 1 98 0 4 135 135 120 1 98 0 5 136 136 120 1 98 0 5 137 137 120 1 98 0 5 138 138 120 1 98 0 5 
139 139 120 1 98 0 5 
140 140 120 1 90 0 3 
141 141 120 1 98 0 4 
142 142 120 1 98 0 5 
143 143 120 1 97 0 4 
144 144 120 1 99 0 4 
145 145 120 1 98 0 5 
146 146  
