The values inside the EEPROM are : 
	  32 0 233 86 
26 18 29 0 233 87 
26 18 38 0 233 88 
26 18 34 0 233 89 
26 18 27 0 233 90 
26 18 24 0 233 91 
26 18 32 0 233 92 
26 18 25 0 233 93 
26 18 25 0 233 94 
26 18 27 0 233 95 
26 18 24 0 232 96 
26 18 26 0 232 97 
26 18 25 0 232 98 
26 18 34 0 232 99 
26 18 32 0 232 100 
26 18 25 0 232 101 
26 18 28 0 232 102 
26 18 24 0 232 103 
26 18 44 0 232 104 
26 18 36 0 232 105 
26 18 26 0 232 106 
26 18 31 0 232 107 
26 18 26 0 232 108 
26 18 25 0 232 109 
26 18 25 0 232 110 
26 18 24 0 232 111 
26 18 24 0 232 112 
26 18 33 0 232 113 
26 18 26 0 232 114 
26 18 41 0 232 115 
26 18 28 0 232 116 
26 18 43 0 232 117 
26 18 28 0 232 118 
26 18 24 0 232 119 
26 18 33 0 232 120 
26 18 25 0 232 121 
26 18 34 0 232 122 
26 18 29 0 232 123 
26 18 40 0 232 124 
26 18 43 0 232 125 
26 18 38 0 232 126 
26 18 29 0 232 127 
26 18 33 0 231 128 
26 18 25 0 231 129 
26 18 30 0 231 130 
26 18 34 0 231 131 
26 18 26 0 231 132 
26 18 28 0 231 133 
26 18 31 0 231 134 
26 18 31 0 231 135 
26 18 33 0 231 136 
26 18 31 0 231 137 
26 18 26 0 231 138 
26 18 35 0 231 139 
26 18 42 0 229 140 
26 18 29 0 230 141 
26 18 27 0 231 142 
26 18 24 0 238 228 
27 17 33 0 238 229 
26 18 24 0 238 230 
27 17 32 0 238 231 
27 17 24 0 238 232 
27 17 31 0 237 233 
26 18 31 0 237 234 
27 17 28 0 237 235 
26 18 41 0 237 236 
26 18 30 0 237 237 
26 18 27 0 237 238 
26 18 43 0 237 239 
26 18 40 0 237 240 
26 18 27 0 237 241 
26 18 25 0 237 242 
26 18 32 0 237 243 
26 18 42 0 237 244 
26 18 31 0 237 245 
26 18 25 0 237 246 
26 18 35 0 237 247 
26 18 32 0 237 248 
26 18 25 0 237 249 
26 18 28 0 237 250 
26 18 24 0 237 251 
26 18 24 0 236 252 
26 18 27 0 236 253 
26 18 28 0 236 254 
26 18 31 0 236 255 
26 18 34 0 236 0 
26 18 30 0 236 1 
26 18 24 0 236 2 
26 18 30 0 236 3 
26 18 24 0 236 4 
26 18 31 0 236 5 
26 18 24 0 236 6 
26 18 33 0 236 7 
26 18 32 0 236 8 
26 18 32 0 236 9 
26 18 28 0 236 10 
26 18 25 0 236 11 
26 18 26 0 236 12 
26 18 31 0 236 13 
26 18 32 0 236 14 
26 18 34 0 236 15 
26 18 30 0 236 16 
26 18 24 0 236 17 
26 18 27 0 236 18 
26 18 40 0 236 19 
26 18 44 0 236 20 
26 18 29 0 236 21 
26 18 41 0 236 22 
26 18 31 0 235 23 
26 18 33 0 235 24 
26 18 31 0 235 25 
26 18 33 0 235 26 
26 18 31 0 235 27 
26 18 24 0 235 28 
26 18 26 0 235 29 
26 18 25 0 235 30 
26 18 32 0 235 31 
26 18 24 0 235 32 
26 18 24 0 235 33 
26 18 33 0 235 34 
26 18 25 0 235 35 
26 18 25 0 235 36 
26 18 24 0 235 37 
26 18 32 0 235 38 
26 18 32 0 235 39 
26 18 25 0 235 40 
26 18 32 0 235 41 
26 18 32 0 235 42 
26 18 25 0 235 43 
26 18 40 0 235 44 
26 18 24 0 235 45 
26 18 38 0 235 46 
26 18 31 0 235 47 
26 18 32 0 235 48 
26 18 27 0 235 49 
26 18 32 0 234 50 
26 18 25 0 234 51 
26 18 34 0 234 52 
26 18 29 0 234 53 
26 18 32 0 234 54 
26 18 28 0 234 55 
26 18 34 0 234 56 
26 18 32 0 234 57 
26 18 43 0 234 58 
26 18 24 0 234 59 
26 18 38 0 234 60 
26 18 34 0 234 61 
26 18 32 0 234 62 
26 18 31 0 234 63 
26 18 31 0 234 64 
26 18 29 0 234 65 
26 18 26 0 234 66 
26 18 34 0 234 67 
26 18 28 0 234 68 
26 18 25 0 234 69 
26 18 25 0 234 70 
26 18 33 0 234 71 
26 18 45 0 234 72 
26 18 33 0 234 73 
26 18 25 0 234 74 
26 18 24 0 234 75 
26 18 33 0 234 76 
26 18 41 0 234 77 
26 18 31 0 233 78 
26 18 27 0 233 79 
26 18 31 0 233 80 
26 18 25 0 233 81 
26 18 26 0 233 82 
26 18 29 0 233 83 
26 18 39 0 233 84 
26 18 30 0 233 85   