The values inside the EEPROM are : 
	  35 0 208 86 
35 20 35 0 208 87 
35 20 35 0 208 88 
35 20 35 0 208 89 
35 20 35 0 208 90 
35 20 35 0 208 91 
35 20 35 0 208 92 
35 20 35 0 208 93 
35 20 35 0 208 94 
35 20 35 0 208 95 
35 20 35 0 208 96 
35 20 35 0 208 97 
35 20 35 0 208 98 
35 20 35 0 208 99 
35 20 35 0 208 100 
35 20 35 0 208 101 
35 20 35 0 208 102 
35 20 35 0 208 103 
35 20 35 0 208 104 
35 20 35 0 208 105 
35 20 35 0 208 106 
35 20 35 0 208 107 
35 20 35 0 208 108 
35 20 35 0 208 109 
35 20 35 0 208 110 
35 20 35 0 208 111 
35 20 35 0 208 112 
35 20 35 0 208 113 
35 20 35 0 208 114 
35 20 35 0 208 115 
35 20 35 0 208 116 
35 20 35 0 208 117 
35 20 35 0 208 118 
35 20 35 0 208 119 
35 20 35 0 208 120 
35 20 35 0 208 121 
35 20 35 0 208 122 
35 20 35 0 208 123 
35 20 35 0 208 124 
35 20 35 0 208 125 
35 20 35 0 208 126 
35 20 35 0 208 127 
35 20 35 0 208 128 
35 20 35 0 208 129 
35 20 35 0 208 130 
35 20 35 0 208 131 
35 20 35 0 208 132 
35 20 35 0 208 133 
35 20 35 0 208 134 
35 20 35 0 208 135 
35 20 35 0 208 136 
35 20 35 0 208 137 
35 20 35 0 208 138 
35 20 35 0 208 139 
35 20 35 0 208 140 
35 20 35 0 208 141 
35 20 35 0 208 142 
35 20 35 0 208 143 
35 20 35 0 208 144 
35 20 35 0 208 145 
35 20 35 0 208 146 
35 20 35 0 208 147 
35 20 35 0 208 148 
35 20 35 0 208 149 
35 20 35 0 208 150 
35 20 35 0 208 151 
35 20 35 0 208 152 
35 20 35 0 208 153 
35 20 35 0 208 154 
35 20 35 0 208 155 
	  34 0 208 241 
34 21 34 0 208 242 
34 21 34 0 208 243 
34 21 34 0 208 244 
34 21 34 0 208 245 
34 21 34 0 208 246 
34 21 34 0 208 247 
34 21 34 0 208 248 
34 21 34 0 208 249 
34 21 34 0 208 250 
34 21 34 0 208 251 
34 21 34 0 208 252 
34 21 34 0 208 253 
34 21 34 0 208 254 
34 21 34 0 208 255 
34 21 34 0 208 0 
34 21 34 0 208 1 
34 21 34 0 208 2 
34 21 34 0 208 3 
34 21 34 0 208 4 
34 21 34 0 208 5 
34 21 34 0 208 6 
34 21 34 0 208 7 
34 21 34 0 208 8 
34 21 34 0 208 9 
34 21 34 0 208 10 
34 21 34 0 208 11 
34 21 34 0 208 12 
34 21 34 0 208 13 
34 21 34 0 208 14 
34 21 34 0 208 15 
34 21 34 0 208 16 
34 21 34 0 208 17 
34 21 34 0 208 18 
34 21 34 0 208 19 
34 21 34 0 208 20 
34 21 34 0 208 21 
34 21 34 0 208 22 
34 21 34 0 208 23 
34 21 34 0 208 24 
34 21 34 0 208 25 
34 21 34 0 208 26 
34 21 34 0 208 27 
34 21 34 0 208 28 
34 21 34 0 208 29 
34 21 34 0 208 30 
34 21 34 0 208 31 
34 21 34 0 208 32 
34 21 34 0 208 33 
34 21 34 0 208 34 
34 21 34 0 208 35 
34 21 34 0 208 36 
34 21 34 0 208 37 
34 21 34 0 208 38 
34 21 34 0 208 39 
34 21 34 0 208 40 
34 21 34 0 208 41 
34 21 34 0 208 42 
34 21 34 0 208 43 
34 21 34 0 208 44 
34 21 34 0 208 45 
34 21 34 0 208 46 
35 20 34 0 208 47 
34 21 34 0 208 48 
34 21 34 0 208 49 
35 20 34 0 208 50 
35 20 34 0 208 51 
34 21 35 0 208 52 
34 21 35 0 208 53 
35 20 34 0 208 54 
35 20 34 0 208 55 
35 20 34 0 208 56 
35 20 34 0 208 57 
35 20 34 0 208 58 
35 20 34 0 208 59 
35 20 35 0 208 60 
35 20 35 0 208 61 
35 20 35 0 208 62 
35 20 35 0 208 63 
35 20 35 0 208 64 
35 20 35 0 208 65 
35 20 35 0 208 66 
35 20 35 0 208 67 
35 20 35 0 208 68 
35 20 35 0 208 69 
35 20 35 0 208 70 
35 20 35 0 208 71 
35 20 35 0 208 72 
35 20 35 0 208 73 
35 20 35 0 208 74 
35 20 35 0 208 75 
35 20 35 0 208 76 
35 20 35 0 208 77 
35 20 35 0 208 78 
35 20 35 0 208 79 
35 20 35 0 208 80 
35 20 35 0 208 81 
35 20 35 0 208 82 
35 20 35 0 208 83 
35 20 35 0 208 84 
35 20 35 0 208 85 
35 20  
Client started
