LoRa Sender
The values inside the EEPROM are : 
18 47 20 90 75 110 71 
1 33 20 31 20 101 71 
2 33 20 27 20 82 71 
3 33 20 32 20 110 71 
4 33 20 35 20 128 72 
5 33 20 47 20 116 72 
6 33 20 36 20 103 72 
7 33 20 36 20 90 72 
8 33 20 29 20 99 72 
9 33 20 32 21 134 72 
10 33 20 28 21 135 72 
11 33 20 46 21 106 72 
12 33 20 37 21 135 72 13 33 20 34 21 132 72 14 33 20 38 21 106 72 15 33 20 27 21 83 72 16 33 20 38 21 100 72 17 33 20 32 21 141 72 18 33 20 41 21 117 72 19 33 20 30 21 97 72 20 34 20 28 21 102 72 21 34 20 40 21 125 72 22 34 20 37 21 161 72 23 34 20 28 21 118 72 24 34 20 27 21 94 72 25 34 20 42 21 101 72 26 34 20 31 21 104 72 27 34 20 29 21 121 72 28 34 20 30 21 93 71 29 34 20 34 22 98 70 30 34 20 29 21 100 73 31 34 20 33 21 123 72 32 34 20 38 21 98 72 33 34 20 28 21 88 72 34 34 20 28 21 136 72 35 34 20 32 21 109 72 36 34 20 30 21 98 72 37 34 20 47 21 167 72 38 34 20 30 21 103 72 39 34 20 28 21 123 72 40 34 20 31 21 101 72 41 34 20 36 21 100 72 42 35 19 35 21 95 72 43 35 19 37 21 97 72 44 35 19 30 21 86 72 45 35 19 31 21 100 72 46 35 19 28 21 87 72 47 35 19 33 21 90 72 48 35 19 38 21 105 72 49 35 19 29 21 94 72 50 35 19 41 21 104 72 51 35 19 28 21 106 72 52 35 19 31 21 114 72 53 35 19 35 21 100 72 54 35 19 38 21 105 72 55 35 19 28 21 99 72 56 35 19 28 21 113 72 57 35 19 29 21 97 72 58 35 19 34 21 129 72 59 35 19 40 21 104 72 60 35 19 31 21 104 72 61 35 19 28 21 127 72 62 35 19 38 21 103 72 63 35 19 30 21 104 72 64 35 19 28 21 110 72 65 35 19 32 21 107 72 66 35 19 38 21 99 72 67 35 19 36 22 98 72 68 35 19 35 22 101 72 69 35 19 44 22 101 72 70 36 19 30 22 102 72 71 36 19 29 22 100 72 72 36 19 31 22 101 72 73 36 19 33 22 97 72 74 36 19 29 22 106 72 75 36 19 31 22 93 72 76 36 19 34 22 120 72 77 36 19 29 22 118 72 78 36 19 37 22 105 72 79 36 19 45 22 106 72 80 36 19 31 22 108 72 81 36 19 45 22 110 71 82 36 19 36 22 103 71 83 36 19 30 22 118 71 84 36 19 30 22 102 71 85 36 19 30 22 128 71 86 36 19 38 22 99 71 87 36 19 36 22 101 71 88 36 19 28 22 103 71 89 36 19 42 22 100 71 90 36 19 36 22 129 71 91 36 19 28 22 91 71 92 36 19 39 22 85 71 93 36 19 28 22 102 71 94 36 19 38 22 83 72 95 36 19 29 22 92 72 96 36 19 47 22 108 71 97 36 19 34 22 94 71 98 36 19 39 22 91 71 99 36 19 32 23 97 70 100 36 19 35 22 104 71 101 36 19 45 22 113 71 102 36 19 30 23 84 70 103 36 19 39 23 103 69 104 36 19 35 23 87 70 105 36 19 29 23 106 69 106 36 19 42 23 101 69 107 36 19 28 20 152 76 108 36 19 28 20 96 75 109 36 19 36 20 97 76 110 36 19 30 20 96 75 111 36 19 38 20 96 75 112 36 19 31 20 95 76 113 36 19 45 20 97 75 114 36 19 38 20 96 75 115 36 19 38 20 95 75 116 37 18 28 20 96 75 117 37 18 36 20 96 76 118 37 18 34 20 96 75 119 37 18 44 20 90 75 120 37 18 32 20 113 75 121 37 18 36 20 94 75 122 37 18 32 20 114 75 123 37 18 29 20 94 75 124 37 18 28 20 89 75 125 37 18 33 20 90 75 126 37 18 36 20 90 75 127 37 18 40 20 90 75 128 37 18 34 20 90 76 129 37 18 29 20 90 76 130 37 18 35 20 90 75 131 37 18 35 20 90 75 132 37 18 34 20 90 76 133 37 18 45 20 90 75 134 37 18 31 20 90 75 135 37 18 32 20 90 75 136 37 18 29 20 90 75 137 37 18 32 20 90 75 138 37 18 34 20 90 75 139 37 18 35 20 90 75 140 37 18 29 20 90 75 141 37 18 36 20 90 75 
142 37 18 32 20 90 75 
143 37 18 30 20 90 75 
144 37 18 39 20 90 75 
145 37 18 31 20 90 75 
146 37  
