The values inside the EEPROM are : 
81 171 
26 25 29 95 81 172 
26 25 29 95 81 173 
26 25 26 95 81 174 
26 25 29 95 81 175 
26 25 29 95 81 176 
26 25 27 95 81 177 
26 25 26 95 81 178 26 25 29 95 81 179 26 25 29 95 81 180 26 25 29 95 81 181 26 25 29 95 81 182 26 25 29 95 81 183 26 25 29 95 81 184 26 25 29 95 81 185 26 25 26 95 81 186 26 25 27 95 81 187 26 25 29 95 81 188 26 25 29 95 81 189 26 25 28 95 81 190 26 25 28 95 81 191 26 25 29 95 81 192 26 25 26 95 81 193 26 25 28 95 81 194 26 25 28 95 81 195 26 25 27 95 81 196 26 25 27 95 81 197 26 25 28 95 81 198 26 25 29 95 81 199 26 25 27 95 81 200 26 25 26 95 81 201 26 25 26 95 81 202 26 25 27 95 81 203 26 25 27 95 81 204 26 25 26 95 81 205 26 25 26 95 81 206 26 25 26 95 81 207 26 25 26 95 81 208 26 25 29 95 81 209 26 25 27 95 81 210 26 25 26 95 81 211 26 25 26 95 81 212 26 25 29 95 81 213 26 25 27 95 81 214 26 25 27 95 81 215 26 25 30 95 81 216 26 25 26 95 81 217 26 25 28 95 81 218 26 25 27 95 81 219 26 25 30 95 81 220 26 25 26 95 81 221 26 25 28 95 81 222 26 25 26 95 81 223 26 25 29 95 81 224 26 25 29 95 81 225 26 25 28 95 81 226 26 25 28 95 81 227 26 25 30 95 81 228 26 25 27 95 81 229 26 25 27 95 81 230 26 25 26 95 81 231 26 25 26 95 81 232 26 25 29 95 81 233 26 25 27 95 81 234 26 25 29 95 81 235 26 25 29 95 81 236 26 25 29 95 81 237 26 25 27 95 81 238 26 25 26 95 81 239 26 25 28 95 81 240 26 25 28 95 81 241 26 25 30 95 81 242 26 25 26 95 81 243 26 25 29 95 81 244 26 25 27 95 81 245 26 25 26 95 81 246 26 25 28 95 81 247 26 25 27 95 81 248 26 25 27 95 81 249 26 25 29 95 81 250 26 25 27 95 81 251 26 25 28 95 81 252 26 25 26 95 81 253 26 25 27 95 81 254 26 25 27 95 81 255 26 25 27 95 81 0 26 25 28 95 81 1 26 25 27 95 81 2 26 25 30 95 81 3 26 25 28 95 81 4 0 0 28 96 82 5 27 28 27 96 81 6 0 0 30 96 81 7 28 93 81 93 26 25 25 93 81 94 26 25 28 93 81 95 26 25 27 93 81 96 26 25 26 93 81 97 26 25 28 93 81 98 26 25 25 93 81 99 26 25 25 93 81 100 26 25 28 94 81 101 26 25 28 94 81 102 26 25 25 94 81 103 26 25 26 94 81 104 26 25 28 94 81 105 26 25 26 94 81 106 26 25 26 94 81 107 26 25 29 94 81 108 26 25 28 94 81 109 26 25 28 94 81 110 26 25 27 94 81 111 26 25 27 94 81 112 26 25 26 94 81 113 26 25 28 94 81 114 26 25 26 94 81 115 26 25 25 94 81 116 26 25 29 94 81 117 26 25 26 94 81 118 26 25 29 94 81 119 26 25 29 94 81 120 26 25 26 94 81 121 26 25 28 94 81 122 26 25 29 94 81 123 26 25 25 94 81 124 26 25 25 94 81 125 26 25 28 94 81 126 26 25 29 94 81 127 26 25 29 94 81 128 26 25 29 94 81 129 26 25 26 94 81 130 26 25 25 94 81 131 26 25 29 94 81 132 26 25 29 94 81 133 26 25 28 94 81 134 26 25 28 94 81 135 26 25 26 94 81 136 26 25 28 94 81 137 26 25 26 94 81 138 26 25 29 94 81 139 26 25 28 94 81 140 26 25 26 94 81 141 26 25 26 94 81 142 26 25 26 94 81 143 26 25 27 94 81 144 26 25 29 94 81 145 26 25 28 94 81 146 26 25 26 94 81 147 26 25 28 94 81 148 26 25 26 94 81 149 26 25 28 95 81 150 26 25 29 94 81 151 26 25 26 94 81 152 26 25 29 94 81 153 26 25 29 94 81 154 26 25 29 94 81 155 26 25 29 94 81 156 26 25 26 95 81 157 26 25 29 95 81 158 26 25 29 95 81 159 26 25 26 95 81 160 26 25 27 95 81 161 26 25 29 95 81 162 26 25 28 95 81 163 26 25 28 95 81 164 26 25 29 95 81 165 26 25 29 95 81 166 26 25 26 95 81 167 26 25 28 95 81 168 26 25 29 95 81 169 26 25 28 95 81 170 26 25 29 95  
Client started
