The values inside the EEPROM are : 
2 171 
24 19 27 2 1 172 
24 19 26 2 1 173 
24 19 30 2 1 174 
24 19 23 2 1 175 24 19 23 2 1 176 24 19 38 3 1 177 24 19 24 3 1 178 24 19 30 3 1 179 24 19 29 3 1 180 
24 19 28 3 1 181 24 19 37 3 1 182 24 19 32 3 1 183 24 19 24 3 1 184 24 19 31 3 1 185 24 19 26 3 1 186 
24 19 30 3 0 187 24 19 30 3 0 188 24 19 32 3 0 189 24 19 31 3 0 190 24 19 28 3 0 191 24 19 29 3 0 192 
24 19 24 3 0 193 24 19 24 3 0 194 24 19 42 3 0 195 24 19 32 3 0 196 24 19 26 3 0 197 24 19 24 3 0 198 24 19 27 3 0 199 24 19 32 3 0 200 24 19 27 3 0 201 24 19 25 3 0 202 24 19 24 3 0 203 24 19 27 3 0 204 24 19 33 3 0 205 24 19 25 3 0 206 24 19 32 3 0 207 24 19 29 3 0 208 24 19 28 3 0 209 24 19 31 3 0 210 24 19 27 3 0 211 24 19 24 3 0 212 24 19 26 3 17 213 24 19 23 3 255 214 24 19 26 3 254 215 24 19 39 3 254 216 24 19 25 3 255 217 24 19 23 3 254 218 24 19 23 3 255 219 24 19 24 3 255 220 24 19 23 3 254 221 24 19 26 3 254 222 24 19 40 3 255 223 24 19 24 3 254 224 24 19 24 3 254 225 24 19 23 3 254 226 24 19 33 3 254 227 24 19 42 3 254 228 24 19 26 3 254 229 24 19 28 3 253 230 24 19 32 3 253 231 24 19 27 3 253 232 24 19 30 3 253 233 24 19 26 2 253 234 24 19 24 3 253 235 24 19 33 3 253 236 24 19 29 3 253 237 24 19 30 3 253 238 24 19 28 3 252 239 24 19 33 3 253 240 24 19 27 3 253 241 24 19 29 3 252 242 24 19 32 3 234 243 0 0 31 3 227 244 0 0 35 3 227 245 0 0 26 0 231 246 40 2 9 76 24 19 27 2 9 77 24 19 31 2 9 78 24 19 25 2 9 79 24 19 31 2 11 80 24 19 29 2 9 81 24 19 36 2 9 82 24 19 28 2 9 83 24 19 23 2 8 84 24 19 31 2 8 85 24 19 23 2 8 86 24 19 23 2 8 87 24 19 31 2 8 88 24 19 23 2 8 89 24 19 29 2 8 90 24 19 30 2 8 91 24 19 30 2 8 92 24 19 29 2 8 93 24 19 31 2 8 94 24 19 30 2 8 95 24 19 26 2 8 96 24 19 22 2 8 97 24 19 26 2 7 98 24 19 35 2 8 99 24 19 29 2 7 100 24 19 22 2 7 101 24 19 26 2 7 102 24 19 25 2 7 103 24 19 35 2 7 104 24 19 24 2 7 105 24 19 27 2 6 106 24 19 25 2 6 107 24 19 25 2 6 108 24 19 39 2 6 109 24 19 22 2 6 110 24 19 23 2 6 111 24 19 27 2 7 112 24 19 30 2 6 113 24 19 23 2 6 114 24 19 23 2 6 115 24 19 26 2 6 116 24 19 22 2 6 117 24 19 22 2 5 118 24 19 23 2 5 119 24 19 24 2 5 120 24 19 23 2 5 121 24 19 31 2 5 122 24 19 29 2 5 123 24 19 29 2 5 124 24 19 22 2 5 125 24 19 23 2 5 126 24 19 30 2 5 127 24 19 23 2 5 128 24 19 26 2 5 129 24 19 31 2 5 130 24 19 31 2 5 131 24 19 23 2 5 132 24 19 29 2 4 133 24 19 25 2 4 134 24 19 23 2 4 135 24 19 30 2 4 136 24 19 29 2 4 137 24 19 23 2 4 138 24 19 23 2 4 139 24 19 31 2 4 140 24 19 24 2 4 141 24 19 31 2 4 142 24 19 23 2 4 143 24 19 23 2 4 144 24 19 30 2 4 145 24 19 25 2 4 146 24 19 30 2 4 147 24 19 30 2 4 148 24 19 32 2 4 149 24 19 30 2 4 150 24 19 24 2 4 151 24 19 23 2 4 152 24 19 37 2 4 153 24 19 26 2 4 154 
24 19 32 2 3 155 
24 19 24 2 3 156 
24 19 28 2 3 157 
24 19 28 2 3 158 
24 19 30 2 3 159 
24 19 41 2 3 160 
24 19 29 2 3 161 
24 19 34 2 3 162 
24 19 23 2 3 163 
24 19 35 2 3 164 
24 19 23 2 3 165 
24 19 38 2 2 166 
24 19 37 2 2 167 
24 19 28 2 2 168 
24 19 32 2 3 169 
24 19 40 2 2 170 
24 19 38 2  
Client started
