1 0 0 
2 1 0 
3 2 0 
4 2 0 
5 2 0 
6 3 0 
7 3 0 
8 3 0 
9 4 0 
10 4 0 
11 5 0 
12 5 0 
13 5 0 
14 5 0 
15 5 0 
16 5 0 
17 5 0 
18 5 0 
19 5 0 
20 7 0 
21 7 0 
22 7 0 
23 8 0 
24 8 0 
25 8 0 
26 8 0 
27 8 0 
28 9 0 
29 9 0 
30 10 0 
31 11 0 
32 13 0 
33 13 0 
34 13 0 
35 14 0 
36 14 0 
37 14 0 
38 14 0 
39 14 0 
40 14 0 
41 14 0 
42 14 0 
43 14 0 
44 15 0 
45 15 0 
46 17 0 
47 19 0 
48 20 0 
49 20 0 
50 20 0 
51 20 0 
52 20 0 
53 20 0 
54 20 0 
55 21 0 
56 23 0 
57 23 0 
58 23 0 
59 23 0 
60 26 0 
61 26 0 
62 26 0 
63 27 0 
64 27 0 
65 27 0 
66 27 0 
67 27 0 
68 27 0 
69 27 0 
70 27 0 
71 27 0 
72 28 0 
73 28 0 
74 29 0 
75 29 0 
76 30 0 
77 30 0 
78 32 0 
79 32 0 
80 34 0 
81 35 0 
82 35 0 
83 35 0
84 37 0 
85 37 0 
86 37 0 
87 39 0 
88 39 0 
89 40 0 
90 43 0 
91 43 0 
92 43 0 
93 43 0 
94 43 0 
95 43 0 
96 43 0 
97 45 0 
98 45 0 
99 46 0 
100 46 0 
101 46 0 
102 46 0 
103 46 0 
104 46 0 
105 46 0 
106 48 0 
107 49 0 
108 49 0 
109 49 0 
110 49 0 