The values inside the EEPROM are : 
	  151 37 8 86 
28 17 151 37 13 87 
28 17 150 37 2 88 
28 17 150 37 5 89 
28 17 150 37 8 90 
27 17 151 37 8 91 
27 17 152 37 8 92 
27 17 151 37 12 93 
27 17 150 37 12 94 
27 17 151 37 13 95 
27 17 151 37 7 96 
27 17 151 37 8 97 
27 17 151 37 8 98 
27 17 151 37 10 99 
27 17 151 37 8 100 
27 17 151 37 11 101 
27 17 151 37 9 102 
27 17 150 37 10 103 
27 17 150 37 11 104 
27 17 151 37 5 105 
27 17 151 37 10 106 
27 17 151 37 5 107 
27 17 151 37 7 108 
27 17 150 37 11 109 
27 17 151 37 4 110 
27 17 152 37 7 111 
27 17 151 37 6 112 
27 17 150 37 8 113 
27 17 28 199 
28 17 152 37 24 200
28 17 152 37 22 201 
28 17 152 37 31 202 
28 17 151 37 30 203 
28 17 152 37 31 204 
28 17 151 37 23 205 
28 17 152 37 25 206 
28 17 152 37 24 207 
28 17 152 37 26 208 
28 17 151 37 24 209 
28 17 152 37 24 210 
28 17 152 37 25 211 
28 17 151 37 22 212 
28 17 152 37 27 213 
28 17 152 37 30 214 
28 17 151 37 23 215 
28 17 152 37 23 216 
28 17 152 37 25 217 
28 17 151 37 26 218 
28 17 152 37 23 219 
28 17 152 37 22 220 
28 17 152 37 24 221 
28 17 151 37 22 222 
28 17 151 37 27 223 
28 17 152 37 27 224 
28 17 152 37 25 225 
28 17 151 37 22 226 
28 17 152 37 23 227 
28 17 152 37 26 228 
28 17 151 37 22 229 
28 17 151 37 20 230 
28 17 151 37 22 231 
28 17 152 37 20 232 
28 17 151 37 21 233 
28 17 151 37 23 234 
28 17 151 37 18 235 28 17 151 37 20 236 28 17 152 37 24 237 28 17 152 37 21 238 28 17 152 37 21 239 28 17 151 37 19 240 28 17 152 37 17 241 28 17 152 37 19 242 28 17 151 37 20 243 28 17 152 37 17 244 28 17 152 37 21 245 28 17 152 37 17 246 28 17 151 37 14 247 27 17 152 37 17 248 27 17 152 37 17 249 27 17 151 37 13 250 27 17 152 37 20 251 27 17 151 37 20 252 27 17 152 37 20 253 27 17 151 37 18 254 27 17 152 37 18 255 27 17 151 37 18 0 27 17 151 37 16 1 27 17 152 37 16 2 27 17 152 37 18 3 28 17 152 37 19 4 28 17 151 37 20 5 28 17 152 37 22 6 28 17 152 37 22 7 28 17 151 37 19 8 28 17 152 37 19 9 28 17 152 37 20 10 28 17 152 37 24 11 28 17 151 37 20 12 28 17 151 37 16 13 28 17 152 37 15 14 28 17 152 37 11 15 28 17 150 37 10 16 28 17 152 37 14 17 28 17 151 37 15 18 28 17 152 37 15 19 28 17 152 37 10 20 28 17 151 37 9 21 28 17 152 37 8 22 28 17 150 37 5 23 28 17 150 37 10 24 28 17 151 37 6 25 28 17 152 37 9 26 28 17 152 37 3 27 28 17 152 37 8 28 28 17 152 37 9 29 28 17 152 37 9 30 28 17 152 37 9 31 28 17 152 37 11 32 28 17 152 37 5 33 28 17 152 37 11 34 28 17 151 37 8 35 28 17 152 37 12 36 28 17 152 37 10 37 28 17 152 37 13 38 28 17 152 37 14 39 28 17 151 37 12 40 28 17 151 37 17 41 28 17 150 37 17 42 28 17 152 37 9 43 28 17 152 37 7 44 28 17 152 37 11 45 28 17 150 37 9 46 28 17 152 37 9 47 27 17 151 37 7 48 27 17 151 37 8 49 27 17 152 37 7 50 27 17 151 37 12 51 27 17 150 37 8 52 27 17 150 37 10 53 27 17 151 37 0 54 27 17 151 37 9 55 28 17 150 37 7 56 28 17 150 37 6 57 28 17 152 37 14 58 28 17 150 37 6 59 28 17 151 37 9 60 28 17 150 37 14 61 28 17 151 37 11 62 28 17 152 37 6 63 28 17 151 37 6 64 28 17 150 37 8 65 28 17 151 37 15 66 28 17 151 37 14 67 28 17 151 37 14 68 28 17 151 37 9 69 28 17 151 37 10 70 28 17 152 37 10 71 28 17 151 37 10 72 28 17 152 37 8 73 28 17 152 37 5 74 28 17 151 37 11 75 28 17 151 37 13 76 28 17 151 37 9 77 28 17 150 37 8 78 28 17 151 37 10 79 28 17 151 37 7 80 28 17 151 37 7 81 28 17 151 37 4 82 28 17 151 37 12 83 28 17 150 37 6 84 28 17 151 37 8 85 28 17  
13:20:54.684 -> Client started
