The values inside the EEPROM are : 
		  206 171 
0 0 37 18 206 172 
0 0 37 18 206 173 
0 0 37 18 207 174 
0 0 37 18 207 175 
0 0 37 18 206 176 
0 0 37 18 206 177 
0 0 37 18 206 178 
0 0 37 18 206 179 
0 0 37 18 206 180 
0 0 37 18 206 181 
0 0 37 18 206 182 
0 0 37 18 206 183 
0 0 37 18 206 184 0 0 37 18 206 185 0 0 37 18 206 186 0 0 37 18 206 187 0 0 37 18 206 188 0 0 37 18 206 189 0 0 37 18 206 190 0 0 37 18 206 191 0 0 37 18 206 192 0 0 37 18 206 193 0 0 37 18 206 194 0 0 37 18 206 195 0 0 37 18 206 196 0 0 37 18 206 197 0 0 37 18 206 198 0 0 37 18 206 199 0 0 37 18 206 200 0 0 37 18 206 201 0 0 37 18 206 202 0 0 37 18 206 203 0 0 37 18 206 204 0 0 37 18 206 205 0 0 37 18 206 206 0 0 37 18 206 207 0 0 37 18 206 208 0 0 37 18 206 209 0 0 37 18 206 210 0 0 37 18 206 211 0 0 37 18 206 212 0 0 37 18 206 213 0 0 37 18 206 214 0 0 37 18 206 215 0 0 37 18 206 216 0 0 37 18 206 217 0 0 37 18 206 218 0 0 37 18 206 219 0 0 37 18 206 220 0 0 37 18 206 221 0 0 37 18 206 222 0 0 37 18 206 223 0 0 37 18 206 224 0 0 37 18 206 225 0 0 37 18 206 226 0 0 37 18 206 227 0 0 37 18 206 228 0 0 37 18 206 229 0 0 37 18 206 230 0 0 37 18 206 231 0 0 37 18 206 232 0 0 37 18 206 233 0 0 37 18 206 234 0 0 37 18 206 235 0 0 37 18 206 236 0 0 37 18 206 237 0 0 37 18 206 238 0 0 37 18 206 239 0 0 37 18 206 240 0 0 37 18 206 241 0 0 37 18 206 242 0 0 37 18 206 243 0 0 37 18 206 244 0 0 37 18 206 245 0 0 37 18 206 246 0 0 37 18 206 247 0 0 37 18 206 248 0 0 37 18 206 249 0 0 37 18 206 250 0 0 37 18 206 251 0 0 37 18 206 252 0 0 37 18 206 253 0 0 37 18 206 254 0 0 37 18 206 255 0 0 37 18 206 0 0 0 37 18 206 1 0 0 37 18 206 2 0 0 37 18 206 3 0 0 36 18 206 4 0 0 37 18 206 5 0 0 37 18 206 6 0 0 37 18 206 7 0 0 37 18 206 8 0 0 37 18 206 9 0 0 37 18 206 10 0 0 37 18 206 11 0 0 37 18 206 12 0 0 37 18 206 13 0 0 37 18 206 14 0 0 37 18 206 15 0 0 37 18 206 16 0 0 37 18 206 17 0 0 37 18 206 18 0 0 37 18 206 19 0 0 37 18 206 20 0 0 37 18 206 21 0 0 37 18 206 22 0 0 37 18 206 23 0 0 37 18 206 24 0 0 37 18 206 25 0 0 37 18 206 26 0 0 37 18 206 27 0 0 36 18 206 28 0 0 41 27 206 29 0 0 50 9 201 30 37 18 206 116 0 0 37 18 191 117 0 0 37 18 183 118 0 0 37 18 182 119 0 0 37 18 182 120 0 0 37 18 181 121 0 0 37 18 181 122 0 0 37 18 181 123 0 0 37 18 181 124 0 0 37 18 181 125 0 0 37 18 181 126 0 0 37 18 181 127 0 0 37 18 181 128 0 0 37 18 181 129 0 0 37 18 181 130 0 0 37 18 181 131 0 0 37 18 181 132 0 0 37 18 181 133 0 0 37 18 181 134 0 0 37 18 181 135 0 0 37 18 181 136 0 0 37 18 181 137 0 0 37 18 181 138 0 0 37 18 182 139 0 0 37 18 182 140 0 0 37 18 182 141 0 0 37 18 182 142 0 0 37 18 182 143 0 0 37 18 183 144 0 0 37 18 183 145 0 0 37 18 183 146 0 0 37 18 184 147 0 0 37 18 184 148 0 0 37 18 184 149 0 0 37 18 183 150 0 0 37 18 183 151 0 0 37 18 184 152 0 0 37 18 185 153 0 0 37 18 198 154 0 0 37 18 206 155 0 0 37 18 206 156 0 0 37 18 207 157 0 0 37 18 207 158 0 0 37 18 207 159 0 0 37 18 207 160 0 0 37 18 207 161 0 0 37 18 206 162 0 0 37 18 207 163 0 0 37 18 207 164 0 0 37 18 207 165 0 0 37 18 207 166 0 0 37 18 206 167 0 0 37 18 206 168 0 0 37 18 206 169 0 0 37 18 207 170 0 0 37 18  
Client started
