The values inside the EEPROM are : 
21 20 25 0 212 171
21 20 30 0 212 172
21 20 25 0 212 173
21 20 25 0 212 174 
21 20 25 0 212 175 
21 20 25 0 212 176 
21 20 34 0 212 177 
22 27 36 0 212 178 
22 29 25 0 212 179 
21 20 29 0 211 180 
21 20 46 0 211 181 
22 27 35 0 211 182 
21 20 46 0 211 183 
21 20 46 0 211 184 
21 20 29 0 211 185 
22 27 25 0 211 186 
22 27 29 0 211 187 
21 20 26 0 211 188 
22 29 26 0 211 189 
22 27 30 0 211 190 
21 20 45 0 211 191 
22 27 25 0 211 192 
21 20 44 0 211 193 
23 26 30 0 211 194 
22 27 25 0 211 195 
21 20 30 0 211 196 
22 27 30 0 211 197 
22 27 28 0 211 198 
21 20 36 0 211 199 
22 27 35 0 211 200 
21 20 48 0 211 201 
21 20 34 0 211 202 
22 27 28 0 211 203 
21 20 32 0 211 204 
22 27 36 0 211 205 
22 27 47 0 211 206 
22 27 25 0 211 207 
22 27 28 0 210 208 
22 27 52 0 210 209 
22 27 27 0 210 210 
22 27 31 0 210 211 
22 27 33 0 210 212 
22 27 49 0 210 213 
22 27 26 0 210 214 
22 27 27 0 210 215 
22 27 33 0 210 216 
22 27 33 0 210 217 
22 27 26 0 210 218 
22 27 29 0 210 219 
22 27 34 0 210 220 
22 27 33 0 210 221
22 27 33 0 210 222 
22 27 36 0 210 223 
22 27 34 0 209 224 
22 27 33 0 209 225 
22 27 31 0 209 226 
22 27 29 0 209 227 
22 27 26 0 209 228 
22 27 25 0 209 229 
22 27 35 0 209 230 
22 27 25 0 209 231 
22 27 25 0 209 232 
22 27 39 0 209 233 
22 27 30 0 209 234 
22 27 25 0 209 235 
22 27 30 0 209 236 
22 27 26 0 209 237 
22 27 30 0 209 238 
22 27 30 0 209 239 
22 27 26 0 209 240 
22 27 52 0 209 241 
22 27 39 0 209 242 
22 27 50 0 209 243 
22 27 29 0 209 244 
22 27 29 0 209 245 
22 27 36 0 209 246 
22 27 49 0 209 247 
22 27 33 0 209 248 
22 27 34 0 209 249 
22 27 26 0 208 250 
22 27 36 0 208 251 
22 27 31 0 208 252 
22 27 26 0 208 253 
22 27 33 0 208 254 
22 27 25 0 208 255 
22 27 36 0 208 0 
22 27 47 0 208 1 
22 27 33 0 208 2 
22 26 26 0 208 3 
22 27 32 0 208 4 
22 27 25 0 208 5 
22 27 35 0 208 6 
22 27 27 0 208 7 
22 27 29 0 208 8 
22 27 29 0 208 9 
22 27 29 0 208 10 
22 27 28 0 208 11 
22 27 31 0 208 12 
22 26 39 0 208 13 
22 26 28 0 208 14 
22 27 26 0 208 15 
22 27 25 0 208 16 
22 26 37 0 208 17 
22 26 36 0 208 18 
22 26 25 0 207 19 
22 26 28 0 205 20 
22 26 36 0 203 21 
      34 0 214 107 
22 20 34 0 214 108 
21 20 34 0 214 109 
21 20 25 0 214 110 
21 20 27 0 214 111 
21 20 48 0 214 112 
21 20 40 0 214 113 
21 20 34 0 214 114 
21 20 48 0 214 115 
21 20 26 0 214 116 
21 20 29 0 214 117 
21 20 25 0 214 118 
21 20 25 0 214 119 
21 20 25 0 214 120 
21 20 26 0 214 121 
21 20 50 0 214 122 
21 20 37 0 214 123 
21 20 28 0 214 124 
21 20 34 0 214 125 
21 20 25 0 214 126 
21 20 28 0 213 127 
21 20 43 0 213 128 
21 20 25 0 213 129 
21 20 28 0 213 130 
21 20 35 0 213 131 
21 20 28 0 213 132 
21 20 35 0 213 133 
21 20 33 0 213 134 
21 20 27 0 213 135 
21 20 25 0 213 136 
21 20 25 0 213 137 
21 20 31 0 213 138 
21 20 33 0 213 139 
21 20 37 0 213 140 
21 20 26 0 213 141 
21 20 32 0 213 142 
21 20 49 0 213 143 
21 20 26 0 213 144 
21 20 50 0 213 145 
21 20 30 0 213 146 
21 20 46 0 213 147 
21 20 48 0 213 148 
21 20 35 0 213 149 
21 20 28 0 213 150 
21 20 36 0 213 151 
21 20 33 0 213 152 
21 20 26 0 213 153 
21 20 47 0 213 154 
21 20 43 0 212 155 
21 20 26 0 212 156 
21 20 48 0 212 157 
21 20 27 0 212 158 
21 20 25 0 212 159 
21 20 29 0 212 160 
21 20 28 0 212 161 
21 20 26 0 212 162 
21 20 25 0 212 163 
21 20 26 0 212 164 
21 20 26 0 212 165 
21 20 28 0 212 166 
21 20 48 0 212 167 
21 20 33 0 212 168 
21 20 31 0 212 169 
21 20 33 0 212 170 
  
19:09:10.491 -> Client started
